0.525490 0.380392 0.164706
0.535059 0.389769 0.170035
0.544588 0.399137 0.175369
0.554157 0.408510 0.180698
0.563725 0.417882 0.186027
0.573294 0.427255 0.191361
0.582824 0.436627 0.196690
0.592392 0.446000 0.202024
0.601961 0.455373 0.207353
0.611529 0.464784 0.212682
0.621059 0.474157 0.218016
0.630627 0.483529 0.223345
0.640196 0.492902 0.228675
0.649765 0.502275 0.234008
0.659294 0.511647 0.239337
0.668863 0.521020 0.244671
0.678431 0.530392 0.250000
0.688000 0.539765 0.255329
0.697529 0.549137 0.260663
0.707098 0.558510 0.265992
0.716667 0.567882 0.271322
0.726235 0.577255 0.276655
0.735765 0.586627 0.281984
0.745333 0.596000 0.287318
0.754902 0.605373 0.292647
0.764471 0.614784 0.297976
0.774000 0.624157 0.303310
0.783569 0.633529 0.308639
0.793137 0.642902 0.313969
0.802706 0.652275 0.319302
0.812235 0.661647 0.324631
0.821804 0.671020 0.329965
0.831373 0.680392 0.335294
0.840941 0.689765 0.340624
0.850471 0.699137 0.345957
0.860039 0.708510 0.351286
0.869608 0.717882 0.356616
0.879176 0.727255 0.361949
0.888706 0.736627 0.367278
0.898275 0.746000 0.372612
0.907843 0.755373 0.377941
0.917412 0.764784 0.383271
0.926941 0.774157 0.388604
0.931569 0.781569 0.393216
0.926235 0.785176 0.396431
0.920902 0.788745 0.399647
0.915569 0.792353 0.402863
0.910235 0.795922 0.406078
0.904902 0.799490 0.409294
0.899569 0.803098 0.412549
0.894235 0.806667 0.415765
0.888902 0.810275 0.418980
0.883569 0.813843 0.422196
0.878235 0.817451 0.425412
0.872902 0.821020 0.428627
0.867569 0.824588 0.431843
0.862275 0.828196 0.435059
0.856941 0.831765 0.438275
0.851608 0.835373 0.441490
0.846275 0.838941 0.444706
0.840941 0.842510 0.447922
0.835608 0.846118 0.451137
0.830275 0.849686 0.454353
0.824941 0.853294 0.457569
0.819608 0.856863 0.460784
0.814275 0.860431 0.464000
0.808941 0.864039 0.467216
0.803608 0.867608 0.470431
0.798275 0.871216 0.473647
0.792941 0.874784 0.476863
0.787608 0.878353 0.480078
0.782275 0.881961 0.483294
0.776941 0.885529 0.486510
0.771647 0.889137 0.489725
0.766314 0.892706 0.492941
0.760980 0.896275 0.496157
0.755647 0.899882 0.499373
0.750314 0.903451 0.502588
0.744980 0.907059 0.505804
0.739647 0.910627 0.509020
0.734314 0.914235 0.512275
0.728980 0.917804 0.515490
0.723647 0.921373 0.518706
0.718314 0.924980 0.521922
0.712980 0.928549 0.525137
0.707647 0.932157 0.528353
0.697922 0.933333 0.535529
0.685961 0.933333 0.544745
0.674000 0.933333 0.553922
0.662078 0.933333 0.563098
0.650118 0.933333 0.572314
0.638157 0.933333 0.581490
0.626235 0.933333 0.590706
0.614275 0.933333 0.599882
0.602314 0.933333 0.609059
0.590392 0.933333 0.618275
0.578431 0.933333 0.627451
0.566471 0.933333 0.636627
0.554549 0.933333 0.645843
0.542588 0.933333 0.655020
0.530627 0.933333 0.664235
0.518706 0.933333 0.673412
0.506745 0.933333 0.682588
0.494784 0.933333 0.691804
0.482824 0.933333 0.700980
0.470902 0.933333 0.710157
0.458941 0.933333 0.719373
0.446980 0.933333 0.728549
0.435059 0.933333 0.737765
0.423098 0.933333 0.746941
0.411137 0.933333 0.756118
0.399216 0.933333 0.765333
0.387255 0.933333 0.774510
0.375306 0.933333 0.783686
0.363357 0.933333 0.792902
0.351408 0.933333 0.802078
0.339459 0.933333 0.811294
0.327514 0.933333 0.820471
0.315565 0.933333 0.829647
0.303616 0.933333 0.838863
0.291667 0.933333 0.848039
0.279718 0.933333 0.857216
0.267769 0.933333 0.866431
0.255820 0.933333 0.875608
0.243871 0.933333 0.884824
0.231925 0.933333 0.894000
0.219976 0.933333 0.903176
0.208027 0.933333 0.912392
0.196078 0.933333 0.921569
0.192584 0.922471 0.921843
0.189094 0.911647 0.922118
0.185600 0.900784 0.922392
0.182110 0.889961 0.922667
0.178616 0.879098 0.922941
0.175122 0.868275 0.923216
0.171631 0.857412 0.923490
0.168137 0.846588 0.923765
0.164643 0.835725 0.924039
0.161153 0.824863 0.924314
0.157659 0.814039 0.924588
0.154169 0.803176 0.924863
0.150675 0.792353 0.925137
0.147180 0.781490 0.925412
0.143690 0.770667 0.925686
0.140196 0.759804 0.925961
0.136702 0.748941 0.926275
0.133212 0.738118 0.926549
0.129718 0.727255 0.926824
0.126227 0.716431 0.927098
0.122733 0.705569 0.927373
0.119239 0.694745 0.927647
0.115749 0.683882 0.927922
0.112255 0.673059 0.928196
0.108761 0.662196 0.928471
0.105271 0.651333 0.928745
0.101776 0.640510 0.929020
0.098286 0.629647 0.929294
0.094792 0.618824 0.929569
0.091298 0.607961 0.929843
0.087808 0.597137 0.930118
0.084314 0.586275 0.930392
0.080820 0.575412 0.930667
0.077329 0.564588 0.930941
0.073835 0.553725 0.931216
0.070345 0.542902 0.931490
0.066851 0.532039 0.931765
0.063357 0.521216 0.932039
0.059867 0.510353 0.932314
0.056373 0.499529 0.932588
0.052878 0.488667 0.932863
0.049388 0.477804 0.933137
0.047855 0.466941 0.931647
0.050243 0.456000 0.926588
0.052635 0.445059 0.921529
0.055024 0.434118 0.916471
0.057416 0.423176 0.911412
0.059804 0.412275 0.906392
0.062192 0.401333 0.901333
0.064584 0.390380 0.896275
0.066973 0.379443 0.891216
0.069361 0.368506 0.886157
0.071753 0.357569 0.881098
0.074141 0.346631 0.876039
0.076533 0.335694 0.870980
0.078922 0.324757 0.865922
0.081310 0.313816 0.860863
0.083702 0.302878 0.855804
0.086090 0.291941 0.850784
0.088478 0.281004 0.845725
0.090871 0.270067 0.840667
0.093259 0.259129 0.835608
0.095651 0.248192 0.830549
0.098039 0.237255 0.825490
0.100427 0.226318 0.820431
0.102820 0.215380 0.815373
0.105208 0.204443 0.810314
0.107600 0.193506 0.805255
0.109988 0.182569 0.800196
0.112376 0.171631 0.795176
0.114769 0.160694 0.790118
0.117157 0.149753 0.785059
0.119545 0.138816 0.780000
0.121937 0.127878 0.774941
0.124325 0.116941 0.769882
0.126718 0.106004 0.764824
0.129106 0.095067 0.759765
0.131494 0.084129 0.754706
0.133886 0.073192 0.749647
0.136275 0.062255 0.744588
0.138663 0.051318 0.739569
0.141055 0.040380 0.734510
0.143443 0.029442 0.729451
0.145835 0.018505 0.724392
0.148224 0.007567 0.719333
0.147180 0.006985 0.713373
0.144424 0.011581 0.706941
0.141667 0.016176 0.700471
0.138910 0.020772 0.694039
0.136153 0.025368 0.687608
0.133396 0.029963 0.681176
0.130635 0.034559 0.674745
0.127878 0.039155 0.668314
0.125122 0.043749 0.661882
0.122365 0.048345 0.655451
0.119608 0.052941 0.649020
0.116851 0.057537 0.642588
0.114094 0.062133 0.636157
0.111337 0.066729 0.629725
0.108576 0.071325 0.623294
0.105820 0.075918 0.616863
0.103063 0.080514 0.610431
0.100306 0.085110 0.604000
0.097549 0.089706 0.597529
0.094792 0.094302 0.591098
0.092035 0.098898 0.584667
0.089278 0.103494 0.578235
0.086518 0.108090 0.571804
0.083761 0.112682 0.565373
0.081004 0.117278 0.558941
0.078247 0.121875 0.552510
0.075490 0.126471 0.546078
0.072733 0.131067 0.539647
0.069976 0.135663 0.533216
0.067220 0.140259 0.526784
0.064459 0.144855 0.520353
0.061702 0.149447 0.513922
0.058945 0.154043 0.507490
0.056188 0.158639 0.501059
0.053431 0.163235 0.494588
0.050675 0.167831 0.488157
0.047918 0.172427 0.481725
0.045161 0.177024 0.475294
0.042400 0.181620 0.468863
0.039643 0.186212 0.462431
0.036887 0.190808 0.456000
0.034130 0.195404 0.449569
