0.501961 0.501961 1.000000
0.494118 0.494118 0.992235
0.486275 0.486275 0.984431
0.478431 0.478431 0.976667
0.470588 0.470588 0.968863
0.462745 0.462745 0.961098
0.454902 0.454902 0.953294
0.447059 0.447059 0.945529
0.439216 0.439216 0.937725
0.431373 0.431373 0.929961
0.423529 0.423529 0.922196
0.415686 0.415686 0.914392
0.407843 0.407843 0.906627
0.400000 0.400000 0.898824
0.392157 0.392157 0.891059
0.384314 0.384314 0.883255
0.376471 0.376471 0.875490
0.368627 0.368627 0.867725
0.360784 0.360784 0.859922
0.352941 0.352941 0.852157
0.345098 0.345098 0.844353
0.337255 0.337255 0.836588
0.329412 0.329412 0.828784
0.321569 0.321569 0.821020
0.313725 0.313725 0.813255
0.305882 0.305882 0.805451
0.298039 0.298039 0.797686
0.290196 0.290196 0.789882
0.282353 0.282353 0.782118
0.274510 0.274510 0.774314
0.266667 0.266667 0.766549
0.258824 0.258824 0.758745
0.250980 0.250980 0.750980
0.243137 0.243137 0.743216
0.235294 0.235294 0.735412
0.227451 0.227451 0.727647
0.219608 0.219608 0.719843
0.211765 0.211765 0.712078
0.203922 0.203922 0.704275
0.196078 0.196078 0.696510
0.188235 0.188235 0.688706
0.180392 0.180392 0.680941
0.172549 0.172549 0.673176
0.164706 0.164706 0.665373
0.156863 0.156863 0.657608
0.149020 0.149020 0.649804
0.141176 0.141176 0.642039
0.133333 0.133333 0.634235
0.125490 0.125490 0.626471
0.117647 0.117647 0.618706
0.109804 0.109804 0.610902
0.101961 0.101961 0.603137
0.094118 0.094118 0.595333
0.086275 0.086275 0.587569
0.078431 0.078431 0.579765
0.070588 0.070588 0.572000
0.062745 0.062745 0.564235
0.054902 0.054902 0.556431
0.047059 0.047059 0.548667
0.039216 0.039216 0.540863
0.031373 0.031373 0.533098
0.023529 0.023529 0.525294
0.015686 0.015686 0.517529
0.007843 0.007843 0.509725
0.000000 0.000000 0.501961
0.000000 0.000000 0.494118
0.000000 0.000000 0.486275
0.000000 0.000000 0.478431
0.000000 0.000000 0.470588
0.000000 0.000000 0.462745
0.000000 0.000000 0.454902
0.000000 0.000000 0.447059
0.000000 0.000000 0.439216
0.000000 0.000000 0.431373
0.000000 0.000000 0.423529
0.000000 0.000000 0.415686
0.000000 0.000000 0.407843
0.000000 0.000000 0.400000
0.000000 0.000000 0.392157
0.000000 0.000000 0.384314
0.000000 0.000000 0.376471
0.000000 0.000000 0.368627
0.000000 0.000000 0.360784
0.000000 0.000000 0.352941
0.000000 0.000000 0.345098
0.000000 0.000000 0.337255
0.000000 0.000000 0.329412
0.000000 0.000000 0.321569
0.000000 0.000000 0.313725
0.000000 0.000000 0.305882
0.000000 0.000000 0.298039
0.000000 0.000000 0.290196
0.000000 0.000000 0.282353
0.000000 0.000000 0.274510
0.000000 0.000000 0.266667
0.000000 0.000000 0.258824
0.000000 0.000000 0.250980
0.000000 0.000000 0.243137
0.000000 0.000000 0.235294
0.000000 0.000000 0.227451
0.000000 0.000000 0.219608
0.000000 0.000000 0.211765
0.000000 0.000000 0.203922
0.000000 0.000000 0.196078
0.000000 0.000000 0.188235
0.000000 0.000000 0.180392
0.000000 0.000000 0.172549
0.000000 0.000000 0.164706
0.000000 0.000000 0.156863
0.000000 0.000000 0.149020
0.000000 0.000000 0.141176
0.000000 0.000000 0.133333
0.000000 0.000000 0.125490
0.000000 0.000000 0.117647
0.000000 0.000000 0.109804
0.000000 0.000000 0.101961
0.000000 0.000000 0.094118
0.000000 0.000000 0.086275
0.000000 0.000000 0.078431
0.000000 0.000000 0.070588
0.000000 0.000000 0.062745
0.000000 0.000000 0.054902
0.000000 0.000000 0.047059
0.000000 0.000000 0.039216
0.000000 0.000000 0.031373
0.000000 0.000000 0.023529
0.000000 0.000000 0.015686
0.000000 0.000000 0.007843
0.000000 0.000000 0.000000
0.007843 0.000000 0.000000
0.015686 0.000000 0.000000
0.023529 0.000000 0.000000
0.031373 0.000000 0.000000
0.039216 0.000000 0.000000
0.047059 0.000000 0.000000
0.054902 0.000000 0.000000
0.062745 0.000000 0.000000
0.070588 0.000000 0.000000
0.078431 0.000000 0.000000
0.086275 0.000000 0.000000
0.094118 0.000000 0.000000
0.101961 0.000000 0.000000
0.109804 0.000000 0.000000
0.117647 0.000000 0.000000
0.125490 0.000000 0.000000
0.133333 0.000000 0.000000
0.141176 0.000000 0.000000
0.149020 0.000000 0.000000
0.156863 0.000000 0.000000
0.164706 0.000000 0.000000
0.172549 0.000000 0.000000
0.180392 0.000000 0.000000
0.188235 0.000000 0.000000
0.196078 0.000000 0.000000
0.203922 0.000000 0.000000
0.211765 0.000000 0.000000
0.219608 0.000000 0.000000
0.227451 0.000000 0.000000
0.235294 0.000000 0.000000
0.243137 0.000000 0.000000
0.250980 0.000000 0.000000
0.258824 0.000000 0.000000
0.266667 0.000000 0.000000
0.274510 0.000000 0.000000
0.282353 0.000000 0.000000
0.290196 0.000000 0.000000
0.298039 0.000000 0.000000
0.305882 0.000000 0.000000
0.313725 0.000000 0.000000
0.321569 0.000000 0.000000
0.329412 0.000000 0.000000
0.337255 0.000000 0.000000
0.345098 0.000000 0.000000
0.352941 0.000000 0.000000
0.360784 0.000000 0.000000
0.368627 0.000000 0.000000
0.376471 0.000000 0.000000
0.384314 0.000000 0.000000
0.392157 0.000000 0.000000
0.400000 0.000000 0.000000
0.407843 0.000000 0.000000
0.415686 0.000000 0.000000
0.423529 0.000000 0.000000
0.431373 0.000000 0.000000
0.439216 0.000000 0.000000
0.447059 0.000000 0.000000
0.454902 0.000000 0.000000
0.462745 0.000000 0.000000
0.470588 0.000000 0.000000
0.478431 0.000000 0.000000
0.486275 0.000000 0.000000
0.494118 0.000000 0.000000
0.501961 0.000000 0.000000
0.509725 0.007843 0.007843
0.517529 0.015686 0.015686
0.525294 0.023529 0.023529
0.533098 0.031373 0.031373
0.540863 0.039216 0.039216
0.548667 0.047059 0.047059
0.556431 0.054902 0.054902
0.564235 0.062745 0.062745
0.572000 0.070588 0.070588
0.579765 0.078431 0.078431
0.587569 0.086275 0.086275
0.595333 0.094118 0.094118
0.603137 0.101961 0.101961
0.610902 0.109804 0.109804
0.618706 0.117647 0.117647
0.626471 0.125490 0.125490
0.634235 0.133333 0.133333
0.642039 0.141176 0.141176
0.649804 0.149020 0.149020
0.657608 0.156863 0.156863
0.665373 0.164706 0.164706
0.673176 0.172549 0.172549
0.680941 0.180392 0.180392
0.688706 0.188235 0.188235
0.696510 0.196078 0.196078
0.704275 0.203922 0.203922
0.712078 0.211765 0.211765
0.719843 0.219608 0.219608
0.727647 0.227451 0.227451
0.735412 0.235294 0.235294
0.743216 0.243137 0.243137
0.750980 0.250980 0.250980
0.758745 0.258824 0.258824
0.766549 0.266667 0.266667
0.774314 0.274510 0.274510
0.782118 0.282353 0.282353
0.789882 0.290196 0.290196
0.797686 0.298039 0.298039
0.805451 0.305882 0.305882
0.813255 0.313725 0.313725
0.821020 0.321569 0.321569
0.828784 0.329412 0.329412
0.836588 0.337255 0.337255
0.844353 0.345098 0.345098
0.852157 0.352941 0.352941
0.859922 0.360784 0.360784
0.867725 0.368627 0.368627
0.875490 0.376471 0.376471
0.883255 0.384314 0.384314
0.891059 0.392157 0.392157
0.898824 0.400000 0.400000
0.906627 0.407843 0.407843
0.914392 0.415686 0.415686
0.922196 0.423529 0.423529
0.929961 0.431373 0.431373
0.937725 0.439216 0.439216
0.945529 0.447059 0.447059
0.953294 0.454902 0.454902
0.961098 0.462745 0.462745
0.968863 0.470588 0.470588
0.976667 0.478431 0.478431
0.984431 0.486275 0.486275
0.992235 0.494118 0.494118
