0.000000 0.380392 0.278431
0.024020 0.417922 0.242404
0.048039 0.455451 0.206373
0.076714 0.484431 0.189357
0.112745 0.499961 0.202369
0.148773 0.515490 0.215380
0.184804 0.530980 0.228392
0.220831 0.546510 0.241400
0.256863 0.562000 0.254412
0.292890 0.577529 0.267424
0.328922 0.593020 0.280431
0.364949 0.608549 0.293443
0.400980 0.624078 0.306455
0.437020 0.639569 0.319467
0.473020 0.655098 0.332475
0.509059 0.670588 0.345486
0.545098 0.686118 0.358498
0.581137 0.701608 0.371506
0.617137 0.717137 0.384518
0.653176 0.732667 0.397529
0.689216 0.748157 0.410549
0.725255 0.763686 0.423569
0.761255 0.779176 0.436549
0.797294 0.794706 0.449569
0.833333 0.810196 0.462588
0.869373 0.825725 0.475608
0.905373 0.841255 0.488588
0.903137 0.829216 0.478431
0.895490 0.813333 0.465020
0.887882 0.797451 0.451608
0.880275 0.781608 0.438235
0.872667 0.765725 0.424824
0.865059 0.749843 0.411412
0.857451 0.734000 0.398000
0.849843 0.718118 0.384608
0.842235 0.702235 0.371204
0.834588 0.686392 0.357800
0.826980 0.670510 0.344396
0.819373 0.654627 0.330992
0.811765 0.638784 0.317588
0.804157 0.622902 0.304184
0.796549 0.607020 0.290780
0.788941 0.591176 0.277376
0.781294 0.575294 0.263973
0.773686 0.559412 0.250569
0.766078 0.543529 0.237165
0.758471 0.527686 0.223761
0.750863 0.511804 0.210357
0.743255 0.495922 0.196953
0.735647 0.480078 0.183549
0.728000 0.464196 0.170145
0.720392 0.448314 0.156741
0.712784 0.432471 0.143337
0.705176 0.416588 0.129933
0.697569 0.400706 0.116529
0.689961 0.384847 0.103125
0.682353 0.368976 0.089722
0.674706 0.353106 0.076318
0.667098 0.337239 0.062918
0.659490 0.321369 0.049514
0.651882 0.305498 0.036108
0.644275 0.289627 0.022704
0.636667 0.273757 0.009301
0.628588 0.261965 0.001149
0.619412 0.259412 0.004902
0.610235 0.256859 0.008655
0.601098 0.254306 0.012408
0.591922 0.251757 0.016161
0.582784 0.249204 0.019914
0.573608 0.246651 0.023667
0.564471 0.244098 0.027420
0.555294 0.241549 0.031173
0.546157 0.238996 0.034926
0.536980 0.236443 0.038680
0.527843 0.233890 0.042431
0.518667 0.231337 0.046184
0.509529 0.228788 0.049937
0.500353 0.226235 0.053690
0.491216 0.223682 0.057443
0.482039 0.221129 0.061196
0.472902 0.218576 0.064953
0.463725 0.216027 0.068706
0.454588 0.213475 0.072459
0.445412 0.210922 0.076212
0.436275 0.208369 0.079965
0.427098 0.205820 0.083718
0.417961 0.203267 0.087471
0.408784 0.200714 0.091224
0.399647 0.198161 0.094976
0.392275 0.196820 0.099078
0.392980 0.200843 0.104745
0.393647 0.204871 0.110408
0.394314 0.208894 0.116071
0.395020 0.212922 0.121733
0.395686 0.216949 0.127400
0.396392 0.220973 0.133063
0.397059 0.225000 0.138725
0.397725 0.229027 0.144388
0.398431 0.233051 0.150051
0.399098 0.237078 0.155718
0.399804 0.241106 0.161380
0.400471 0.245129 0.167043
0.401137 0.249157 0.172706
0.401843 0.253180 0.178373
0.402510 0.257208 0.184035
0.403216 0.261235 0.189698
0.403882 0.265259 0.195361
0.404549 0.269286 0.201027
0.405255 0.273314 0.206690
0.405922 0.277337 0.212353
0.406627 0.281365 0.218016
0.407294 0.285392 0.223682
0.407961 0.289416 0.229345
0.408667 0.293443 0.235008
0.409333 0.297467 0.240671
0.410039 0.301494 0.246337
0.410706 0.305522 0.252000
0.411373 0.309545 0.257663
0.412078 0.313573 0.263325
0.412745 0.317600 0.268992
0.413451 0.321624 0.274655
0.414118 0.325651 0.280318
0.414784 0.329675 0.285980
0.415490 0.333702 0.291647
0.416157 0.337729 0.297310
0.416863 0.341753 0.302973
0.417529 0.345780 0.308635
0.418196 0.349808 0.314302
0.418902 0.353831 0.319965
0.419569 0.357859 0.325627
0.420275 0.361886 0.331290
0.420941 0.365910 0.336957
0.421608 0.369937 0.342620
0.422314 0.373961 0.348282
0.422980 0.377988 0.353945
0.423686 0.382016 0.359612
0.424353 0.386039 0.365275
0.425020 0.390067 0.370937
0.425725 0.394078 0.376600
0.426392 0.398118 0.382267
0.427098 0.402157 0.387929
0.427765 0.406157 0.393608
0.428431 0.410196 0.399255
0.429137 0.414235 0.404902
0.429804 0.418235 0.410588
0.430510 0.422275 0.416235
0.431176 0.426314 0.421922
0.437843 0.433922 0.430000
0.446902 0.442980 0.439059
0.456000 0.452078 0.448157
0.465059 0.461137 0.457216
0.474118 0.470196 0.466275
0.483216 0.479294 0.475373
0.492275 0.488353 0.484431
0.501333 0.497412 0.493490
0.510392 0.506471 0.502549
0.519490 0.515569 0.511647
0.528549 0.524627 0.520706
0.537608 0.533686 0.529765
0.546706 0.542784 0.538863
0.555765 0.551843 0.547922
0.564824 0.560902 0.556980
0.573882 0.569961 0.566039
0.582980 0.579059 0.575137
0.592039 0.588118 0.584196
0.601098 0.597176 0.593255
0.610196 0.606275 0.602353
0.619255 0.615333 0.611412
0.628314 0.624392 0.620471
0.637373 0.633451 0.629529
0.646471 0.642549 0.638627
0.655529 0.651608 0.647686
0.664588 0.660667 0.656745
0.673686 0.669765 0.665843
0.682745 0.678824 0.674902
0.691804 0.687882 0.683961
0.700863 0.696941 0.693020
0.709961 0.706039 0.702118
0.719020 0.715098 0.711176
0.728078 0.724157 0.720235
0.737176 0.733255 0.729333
0.746235 0.742314 0.738392
0.755294 0.751373 0.747451
0.764353 0.760431 0.756510
0.773451 0.769529 0.765608
0.782510 0.778588 0.774667
0.791569 0.787647 0.783725
0.800667 0.796745 0.792824
0.809725 0.805804 0.801882
0.818784 0.814863 0.810941
0.827843 0.823922 0.820000
0.836941 0.833020 0.829098
0.846000 0.842078 0.838157
0.855059 0.851137 0.847216
0.864118 0.860196 0.856275
0.873216 0.869294 0.865373
0.882275 0.878353 0.874431
0.891333 0.887412 0.883490
0.900431 0.896510 0.892588
0.909490 0.905569 0.901647
0.918549 0.914627 0.910706
0.927608 0.923686 0.919765
0.936706 0.932784 0.928863
0.945765 0.941843 0.937922
0.954824 0.950902 0.946980
0.963922 0.960000 0.956078
0.972980 0.969059 0.965137
0.982039 0.978118 0.974196
0.991098 0.987176 0.983255
1.000000 0.996078 0.992157
1.000000 0.996078 0.992157
1.000000 0.996078 0.992157
1.000000 0.996078 0.992157
1.000000 0.996078 0.992157
1.000000 0.996078 0.992157
1.000000 0.996078 0.992157
1.000000 0.996078 0.992157
1.000000 0.996078 0.992157
1.000000 0.996078 0.992157
1.000000 0.996078 0.992157
1.000000 0.996078 0.992157
1.000000 0.996078 0.992157
1.000000 0.996078 0.992157
1.000000 0.996078 0.992157
1.000000 0.996078 0.992157
1.000000 0.996078 0.992157
1.000000 0.996078 0.992157
1.000000 0.996078 0.992157
1.000000 0.996078 0.992157
1.000000 0.996078 0.992157
1.000000 0.996078 0.992157
1.000000 0.996078 0.992157
1.000000 0.996078 0.992157
1.000000 0.996078 0.992157
1.000000 0.996078 0.992157
1.000000 0.996078 0.992157
1.000000 0.996078 0.992157
1.000000 0.996078 0.992157
1.000000 0.996078 0.992157
1.000000 0.996078 0.992157
1.000000 0.996078 0.992157
1.000000 0.996078 0.992157
1.000000 0.996078 0.992157
1.000000 0.996078 0.992157
1.000000 0.996078 0.992157
1.000000 0.996078 0.992157
1.000000 0.996078 0.992157
1.000000 0.996078 0.992157
1.000000 0.996078 0.992157
1.000000 0.996078 0.992157
1.000000 0.996078 0.992157
1.000000 0.996078 0.992157
1.000000 0.996078 0.992157
1.000000 0.996078 0.992157
1.000000 0.996078 0.992157
1.000000 0.996078 0.992157
