0.682353 0.937255 0.835294
0.684667 0.939569 0.830706
0.686941 0.942510 0.825412
0.689255 0.947137 0.818549
0.690196 0.949020 0.807608
0.690196 0.949020 0.793804
0.692235 0.949020 0.780039
0.693725 0.949412 0.766235
0.691412 0.951725 0.752431
0.690196 0.954000 0.740824
0.690196 0.956314 0.731608
0.693686 0.960353 0.720667
0.698392 0.964706 0.709451
0.705294 0.964706 0.702549
0.713804 0.965490 0.698039
0.725294 0.967804 0.698039
0.738235 0.968627 0.698039
0.752039 0.968627 0.698039
0.765804 0.970784 0.698039
0.779608 0.973059 0.698039
0.793373 0.975373 0.698039
0.807176 0.977647 0.696863
0.820941 0.979961 0.694549
0.836627 0.980392 0.696000
0.852706 0.980627 0.698039
0.868784 0.982941 0.698039
0.884863 0.985216 0.698039
0.900941 0.987529 0.698039
0.917020 0.988235 0.699647
0.933137 0.988235 0.701922
0.949216 0.988235 0.701961
0.964000 0.988235 0.701333
0.975490 0.988235 0.699020
0.977765 0.984275 0.690118
0.973176 0.977373 0.676353
0.952627 0.966510 0.654588
0.928941 0.955412 0.631255
0.901333 0.946196 0.605961
0.872745 0.935961 0.580706
0.842863 0.924471 0.555412
0.809569 0.909569 0.528431
0.775176 0.893569 0.501059
0.743020 0.879765 0.478078
0.710863 0.866000 0.455098
0.678667 0.852196 0.432118
0.643608 0.839843 0.409137
0.606863 0.828353 0.386153
0.574314 0.814784 0.365286
0.541686 0.800980 0.345588
0.507216 0.787176 0.329502
0.472745 0.774588 0.312255
0.438275 0.763098 0.293871
0.401961 0.749765 0.275490
0.364980 0.735961 0.256894
0.325918 0.722196 0.236212
0.288635 0.708392 0.217310
0.254165 0.694588 0.201224
0.222824 0.682392 0.186702
0.192953 0.670902 0.172918
0.169792 0.657176 0.168075
0.147427 0.644000 0.165318
0.126745 0.632510 0.167616
0.109925 0.619725 0.172486
0.096141 0.605961 0.179380
0.082353 0.592157 0.186275
0.069239 0.578353 0.193169
0.060047 0.564588 0.200063
0.049847 0.551804 0.207965
0.038358 0.540314 0.217157
0.031924 0.528824 0.226349
0.027757 0.517529 0.235478
0.039247 0.512941 0.242373
0.055882 0.509804 0.247059
0.083455 0.509804 0.247059
0.116667 0.512627 0.244239
0.153431 0.517216 0.239643
0.181863 0.526000 0.237133
0.209435 0.535176 0.234835
0.237008 0.544353 0.232537
0.264584 0.551294 0.231373
0.292157 0.555882 0.231373
0.317922 0.564078 0.225949
0.343380 0.572902 0.219239
0.370957 0.577529 0.214643
0.397686 0.582118 0.210051
0.422941 0.586706 0.205455
0.446706 0.594353 0.200859
0.469686 0.603569 0.196263
0.488235 0.608314 0.191667
0.507216 0.614078 0.187071
0.527882 0.623294 0.182475
0.549804 0.629961 0.176624
0.572784 0.634549 0.169729
0.593843 0.639137 0.164769
0.614824 0.643765 0.160173
0.637804 0.648353 0.155576
0.660784 0.654902 0.150000
0.683765 0.664078 0.143106
0.708392 0.671647 0.137867
0.733647 0.678510 0.133212
0.756627 0.685412 0.124020
0.779608 0.690902 0.116239
0.802588 0.693216 0.111643
0.826941 0.696863 0.104290
0.852196 0.701451 0.095098
0.875412 0.704000 0.085906
0.898392 0.706745 0.075859
0.921373 0.711333 0.062071
0.942157 0.713725 0.048286
0.960549 0.713725 0.034498
0.968275 0.703059 0.024265
0.971922 0.688667 0.015380
0.962745 0.665686 0.010784
0.951882 0.641882 0.007843
0.938118 0.616588 0.007843
0.924314 0.591333 0.007843
0.910549 0.566039 0.007843
0.896745 0.538588 0.007843
0.882980 0.512118 0.007843
0.869176 0.489137 0.007843
0.857843 0.464941 0.007843
0.848667 0.439686 0.007843
0.837569 0.418196 0.007843
0.826078 0.397255 0.007843
0.814588 0.374267 0.007843
0.802157 0.353188 0.007843
0.788353 0.334804 0.007843
0.771333 0.313173 0.007843
0.752941 0.290196 0.007843
0.739137 0.271816 0.007843
0.725373 0.253431 0.007843
0.711569 0.235047 0.007843
0.697804 0.215318 0.007843
0.684000 0.194639 0.007843
0.672235 0.178004 0.007843
0.660353 0.162318 0.007843
0.646549 0.148529 0.007843
0.632784 0.134741 0.007843
0.618980 0.120957 0.007843
0.605216 0.105424 0.007843
0.591529 0.089584 0.007721
0.580039 0.078094 0.005423
0.568549 0.067400 0.003922
0.557059 0.058212 0.003922
0.544118 0.046078 0.002451
0.530314 0.032292 0.000153
0.518706 0.024939 0.000000
0.507216 0.019087 0.000000
0.495725 0.016789 0.000000
0.486627 0.020465 0.002390
0.479725 0.029657 0.006985
0.472824 0.040718 0.007843
0.466431 0.051718 0.007843
0.464118 0.058608 0.007843
0.461843 0.064584 0.009681
0.459529 0.069180 0.014277
0.458824 0.073773 0.015686
0.458824 0.078369 0.015686
0.458824 0.080698 0.015686
0.458196 0.082996 0.015686
0.455882 0.085294 0.015686
0.454902 0.088910 0.017004
0.454902 0.093506 0.019302
0.450902 0.098102 0.021599
0.447059 0.103063 0.023529
0.447059 0.109957 0.023529
0.444980 0.115808 0.024571
0.440392 0.120404 0.026869
0.437490 0.125000 0.029167
0.435216 0.129596 0.031373
0.432902 0.134192 0.031373
0.431373 0.138020 0.031373
0.431373 0.140318 0.031373
0.429922 0.144055 0.032813
0.427647 0.148651 0.035110
0.425333 0.153247 0.037408
0.423529 0.156863 0.039216
0.423529 0.156863 0.039216
0.423529 0.159192 0.039216
0.423529 0.163788 0.039216
0.421686 0.168380 0.041055
0.419412 0.172549 0.043353
0.417098 0.172549 0.045651
0.415686 0.174325 0.047059
0.415686 0.178922 0.047059
0.417255 0.183518 0.050184
0.419529 0.188114 0.054780
0.426314 0.197180 0.063847
0.433216 0.206984 0.073651
0.440118 0.218475 0.085141
0.446980 0.229965 0.096631
0.453882 0.241451 0.108118
0.458824 0.250980 0.117647
0.463765 0.260173 0.127176
0.470667 0.269365 0.138663
0.478549 0.278553 0.151165
0.487725 0.287745 0.164949
0.495255 0.298620 0.180424
0.502157 0.310173 0.196447
0.509020 0.323957 0.210231
0.516667 0.337008 0.224753
0.525843 0.348498 0.240839
0.533647 0.361396 0.255514
0.540549 0.375184 0.269302
0.545333 0.386886 0.285173
0.550863 0.398392 0.301714
0.560039 0.409882 0.320098
0.568118 0.421373 0.336212
0.575020 0.432863 0.350000
0.581882 0.444314 0.363788
0.588588 0.456000 0.377941
0.593216 0.469804 0.396314
0.599490 0.484431 0.414706
0.608706 0.500510 0.433098
0.614824 0.515059 0.451490
0.619412 0.528863 0.469843
0.624000 0.542627 0.492627
0.629216 0.556431 0.515059
0.636078 0.570235 0.535725
0.642980 0.585255 0.555137
0.649882 0.601333 0.573529
0.652902 0.615490 0.593843
0.655804 0.629608 0.614196
0.662706 0.645686 0.632588
0.668627 0.658824 0.649020
0.673216 0.668000 0.662824
0.677804 0.673882 0.669961
0.682471 0.678549 0.674627
0.691686 0.687765 0.683843
0.700157 0.696235 0.692314
0.707059 0.703137 0.699216
0.713922 0.710000 0.706078
0.720824 0.716902 0.712980
0.729765 0.725843 0.721922
0.738980 0.735059 0.731137
0.748157 0.744235 0.740314
0.757333 0.753412 0.749490
0.766549 0.762627 0.758706
0.775725 0.771804 0.767882
0.784941 0.781020 0.777098
0.794118 0.790196 0.786275
0.803294 0.799373 0.795451
0.812510 0.808588 0.804667
0.821686 0.817765 0.813843
0.830902 0.826980 0.823059
0.840078 0.836157 0.832235
0.848157 0.844235 0.840314
0.852745 0.848824 0.844902
0.858588 0.854667 0.850745
0.865490 0.861569 0.857647
0.874275 0.870353 0.866431
0.883451 0.879529 0.875608
0.892627 0.888706 0.884784
0.901843 0.897922 0.894000
0.911020 0.907098 0.903176
0.916980 0.913059 0.909137
