0.033333 0.000000 0.100000
0.033875 0.000364 0.103514
0.034380 0.000753 0.107031
0.034849 0.001166 0.110545
0.035283 0.001604 0.114063
0.035682 0.002067 0.117576
0.036048 0.002554 0.121094
0.036380 0.003067 0.124608
0.036680 0.003604 0.128125
0.036947 0.004165 0.131639
0.037183 0.004752 0.135157
0.037388 0.005363 0.138671
0.037563 0.005998 0.142188
0.037709 0.006659 0.145702
0.037825 0.007344 0.149220
0.037913 0.008055 0.152733
0.037974 0.008789 0.156251
0.038007 0.009549 0.159765
0.038015 0.010333 0.163282
0.037996 0.011142 0.166796
0.037952 0.011975 0.170314
0.037884 0.012833 0.173827
0.037792 0.013716 0.177345
0.037676 0.014624 0.180859
0.037538 0.015556 0.184376
0.037378 0.016514 0.187890
0.037196 0.017496 0.191408
0.036994 0.018502 0.194922
0.036772 0.019534 0.198439
0.036530 0.020590 0.201953
0.036269 0.021671 0.205471
0.035990 0.022776 0.208984
0.035693 0.023906 0.212502
0.035380 0.025061 0.216016
0.035050 0.026241 0.219529
0.034704 0.027445 0.223047
0.034343 0.028675 0.226561
0.033967 0.029928 0.230078
0.033578 0.031207 0.233592
0.033176 0.032510 0.237110
0.033838 0.034915 0.240624
0.035191 0.038047 0.244141
0.036568 0.041239 0.247655
0.037970 0.044494 0.251173
0.039396 0.047808 0.254686
0.040847 0.051180 0.258204
0.042325 0.054608 0.261718
0.043827 0.058098 0.265235
0.045353 0.061639 0.268749
0.046902 0.065243 0.272267
0.048478 0.068898 0.275780
0.050078 0.072612 0.279298
0.051702 0.076376 0.282812
0.053353 0.080196 0.286329
0.055024 0.084071 0.289843
0.056725 0.087996 0.293361
0.058447 0.091976 0.296875
0.060196 0.096004 0.300392
0.061969 0.100086 0.303906
0.063765 0.104216 0.307424
0.065588 0.108396 0.310937
0.067435 0.112627 0.314455
0.069306 0.116902 0.317969
0.071204 0.121227 0.321486
0.073125 0.125600 0.325000
0.075071 0.130016 0.328514
0.077043 0.134482 0.332031
0.079035 0.138988 0.335545
0.081059 0.143541 0.339063
0.083102 0.148141 0.342576
0.085173 0.152780 0.346094
0.087267 0.157463 0.349608
0.089384 0.162188 0.353125
0.091529 0.166953 0.356639
0.093698 0.171761 0.360157
0.095890 0.176608 0.363671
0.098110 0.181494 0.367188
0.100349 0.186420 0.370702
0.102620 0.191384 0.374220
0.104910 0.196384 0.377733
0.107227 0.201424 0.381251
0.109569 0.206498 0.384765
0.111933 0.211608 0.388282
0.114325 0.216753 0.391796
0.116741 0.221929 0.395294
0.119180 0.227145 0.398824
0.121647 0.232388 0.402353
0.124137 0.237671 0.405843
0.126651 0.242980 0.409373
0.129188 0.248322 0.412902
0.131753 0.253694 0.416392
0.134341 0.259098 0.419922
0.136957 0.264529 0.423451
0.139592 0.269992 0.426941
0.142255 0.275478 0.430471
0.144945 0.280996 0.434000
0.147655 0.286541 0.437490
0.150392 0.292110 0.441020
0.153157 0.297706 0.444549
0.155941 0.303325 0.448039
0.158753 0.308969 0.451569
0.161588 0.314639 0.455059
0.164447 0.320329 0.458588
0.167333 0.326043 0.462118
0.170243 0.331780 0.465608
0.173180 0.337537 0.469137
0.176137 0.343318 0.472667
0.179122 0.349114 0.476157
0.182129 0.354929 0.479686
0.185165 0.360769 0.483216
0.188224 0.366620 0.486706
0.191306 0.372494 0.490235
0.194416 0.378380 0.493765
0.197545 0.384286 0.497255
0.200702 0.390204 0.500784
0.203886 0.396157 0.504314
0.207094 0.402078 0.507804
0.210325 0.408039 0.511333
0.213580 0.414039 0.514863
0.216859 0.420000 0.518353
0.220165 0.426000 0.521882
0.223498 0.432039 0.525373
0.226851 0.438039 0.528902
0.230231 0.444078 0.532431
0.233635 0.450118 0.535922
0.237063 0.456196 0.539451
0.240518 0.462235 0.542980
0.243996 0.468314 0.546471
0.524784 0.550000 0.247498
0.530863 0.553529 0.251027
0.536941 0.557020 0.254580
0.543020 0.560549 0.258157
0.549098 0.564078 0.261761
0.555176 0.567569 0.265388
0.561255 0.571098 0.269039
0.567333 0.574627 0.272714
0.573412 0.578118 0.276416
0.579490 0.581647 0.280141
0.585137 0.584745 0.283894
0.588667 0.585725 0.287667
0.592196 0.586706 0.291467
0.595686 0.587686 0.295290
0.599216 0.588667 0.299141
0.602745 0.589647 0.303016
0.606235 0.590667 0.306914
0.609765 0.591647 0.310839
0.613294 0.592667 0.314784
0.616784 0.593725 0.318757
0.620314 0.594745 0.322757
0.623843 0.595804 0.326780
0.627333 0.596824 0.330827
0.630863 0.597922 0.334898
0.634392 0.598980 0.338996
0.637882 0.600078 0.343114
0.641412 0.601176 0.347263
0.644941 0.602314 0.351431
0.648431 0.603451 0.355627
0.651961 0.604588 0.359847
0.655451 0.605765 0.364094
0.658980 0.606941 0.368361
0.662510 0.608157 0.372655
0.666000 0.609373 0.376976
0.669529 0.610627 0.381318
0.673059 0.611882 0.385686
0.676549 0.613137 0.390082
0.680078 0.614431 0.394510
0.683608 0.615765 0.398941
0.687098 0.617098 0.403412
0.690627 0.618471 0.407882
0.694157 0.619843 0.412431
0.697647 0.621255 0.416941
0.701176 0.622706 0.421529
0.704706 0.624157 0.426118
0.708196 0.625647 0.430745
0.711725 0.627176 0.435373
0.715216 0.628706 0.440039
0.718745 0.630275 0.444745
0.722275 0.631843 0.449451
0.725765 0.633490 0.454196
0.729294 0.635137 0.458941
0.732824 0.636824 0.463725
0.736314 0.638510 0.468549
0.739843 0.640275 0.473373
0.743373 0.642039 0.478235
0.746863 0.643843 0.483137
0.750392 0.645686 0.488039
0.753922 0.647569 0.492980
0.757412 0.649490 0.497961
0.760941 0.651412 0.502941
0.764471 0.653412 0.507961
0.767961 0.655412 0.512980
0.771490 0.657451 0.518039
0.774980 0.659569 0.523137
0.778510 0.661686 0.528235
0.782039 0.663843 0.533373
0.785529 0.666039 0.538510
0.789059 0.668314 0.543725
0.792588 0.670588 0.548941
0.796078 0.672902 0.554157
0.799608 0.675294 0.559412
0.803137 0.677686 0.564706
0.806627 0.680157 0.570000
0.810157 0.682667 0.575333
0.813686 0.685216 0.580706
0.817176 0.687804 0.586078
0.820706 0.690431 0.591490
0.824235 0.693098 0.596902
0.827725 0.695843 0.602353
0.831255 0.698588 0.607843
0.834784 0.701412 0.613373
0.838275 0.704314 0.618902
0.841804 0.707216 0.624431
0.845294 0.710196 0.630039
0.848824 0.713216 0.635608
0.852353 0.716275 0.641255
0.855843 0.719412 0.646902
0.859373 0.722588 0.652588
0.862902 0.725843 0.658275
0.866392 0.729098 0.664000
0.869922 0.732431 0.669765
0.873451 0.735843 0.675569
0.876941 0.739294 0.681333
0.880471 0.742784 0.687176
0.884000 0.746353 0.693020
0.887490 0.750000 0.698902
0.891020 0.753647 0.704824
0.894549 0.757412 0.710745
0.898039 0.761216 0.716667
0.901569 0.765059 0.722667
0.905059 0.768980 0.728667
0.908588 0.772941 0.734667
0.912118 0.776980 0.740745
0.915608 0.781098 0.746824
0.919137 0.785255 0.752902
0.922667 0.789490 0.759020
0.926157 0.793804 0.765176
0.929686 0.798157 0.771333
0.933216 0.802588 0.777529
0.936706 0.807059 0.783765
0.940235 0.811647 0.790000
0.943765 0.816275 0.796275
0.947255 0.820941 0.802588
0.950784 0.825725 0.808902
0.954314 0.830549 0.815255
0.957804 0.835451 0.821608
0.961333 0.840431 0.828000
0.964863 0.845490 0.834431
0.968353 0.850588 0.840902
0.971882 0.855804 0.847373
0.975373 0.861059 0.853843
0.978902 0.866392 0.860353
0.982431 0.871804 0.866902
0.985922 0.877294 0.873490
0.989451 0.882863 0.880078
0.992980 0.888471 0.886706
0.996471 0.894196 0.893333
