0.250980 0.000000 0.250980
0.250980 0.000000 0.288235
0.250980 0.000000 0.325490
0.250980 0.000000 0.362745
0.250980 0.000000 0.400000
0.250980 0.000000 0.437255
0.250980 0.000000 0.474510
0.250980 0.000000 0.511765
0.250980 0.000000 0.549020
0.250980 0.000000 0.586275
0.250980 0.000000 0.623529
0.250980 0.000000 0.660784
0.250980 0.000000 0.698039
0.250980 0.000000 0.735294
0.241176 0.009802 0.762588
0.222549 0.028430 0.780941
0.203922 0.047059 0.799255
0.185294 0.065686 0.817608
0.166667 0.084314 0.835922
0.148039 0.102941 0.854275
0.129412 0.121569 0.872627
0.110784 0.140196 0.890941
0.092157 0.158824 0.909294
0.073529 0.177451 0.927608
0.054902 0.196078 0.945961
0.036274 0.214706 0.964275
0.017647 0.233333 0.982627
0.000000 0.251961 1.000000
0.000000 0.270588 1.000000
0.000000 0.289216 1.000000
0.000000 0.307843 1.000000
0.000000 0.326471 1.000000
0.000000 0.345098 1.000000
0.000000 0.363725 1.000000
0.000000 0.382353 1.000000
0.000000 0.400980 1.000000
0.000000 0.419608 1.000000
0.000000 0.438235 1.000000
0.000000 0.456863 1.000000
0.000000 0.475490 1.000000
0.000000 0.494118 1.000000
0.000000 0.507333 1.000000
0.000000 0.516667 1.000000
0.000000 0.525961 1.000000
0.000000 0.535294 1.000000
0.000000 0.544588 1.000000
0.000000 0.553922 1.000000
0.000000 0.563255 1.000000
0.000000 0.572549 1.000000
0.000000 0.581882 1.000000
0.000000 0.591176 1.000000
0.000000 0.600510 1.000000
0.000000 0.609804 1.000000
0.000000 0.619137 1.000000
0.001962 0.628431 1.000000
0.020589 0.637765 1.000000
0.039216 0.647059 1.000000
0.057843 0.656392 1.000000
0.076471 0.665686 1.000000
0.095098 0.675020 1.000000
0.113725 0.684314 1.000000
0.132353 0.693647 1.000000
0.150980 0.702941 1.000000
0.169608 0.712275 1.000000
0.188235 0.721569 1.000000
0.206863 0.730863 1.000000
0.225490 0.740196 1.000000
0.244118 0.749490 1.000000
0.250980 0.758824 1.000000
0.250980 0.768118 1.000000
0.250980 0.777451 1.000000
0.250980 0.786784 1.000000
0.250980 0.796078 1.000000
0.250980 0.805412 1.000000
0.250980 0.814706 1.000000
0.250980 0.824039 1.000000
0.250980 0.833333 1.000000
0.250980 0.842667 1.000000
0.250980 0.851961 1.000000
0.250980 0.861294 1.000000
0.250980 0.870588 1.000000
0.250980 0.879843 1.000000
0.250980 0.888863 1.000000
0.250980 0.897922 1.000000
0.250980 0.906941 1.000000
0.250980 0.915961 1.000000
0.250980 0.924980 1.000000
0.250980 0.934000 1.000000
0.250980 0.943020 1.000000
0.250980 0.952039 1.000000
0.250980 0.961059 1.000000
0.250980 0.970078 1.000000
0.250980 0.979098 1.000000
0.250980 0.988118 1.000000
0.250980 0.997137 1.000000
0.250980 1.000000 0.987451
0.250980 1.000000 0.969098
0.250980 1.000000 0.950784
0.250980 1.000000 0.932431
0.250980 1.000000 0.914118
0.250980 1.000000 0.895765
0.250980 1.000000 0.877451
0.250980 1.000000 0.859098
0.250980 1.000000 0.840745
0.250980 1.000000 0.822431
0.250980 1.000000 0.804078
0.250980 1.000000 0.785765
0.250980 1.000000 0.767412
0.250980 1.000000 0.745098
0.250980 1.000000 0.707843
0.250980 1.000000 0.670588
0.250980 1.000000 0.633333
0.250980 1.000000 0.596078
0.250980 1.000000 0.558824
0.250980 1.000000 0.521569
0.250980 1.000000 0.484314
0.250980 1.000000 0.447059
0.250980 1.000000 0.409804
0.250980 1.000000 0.372549
0.250980 1.000000 0.335294
0.250980 1.000000 0.298039
0.250980 1.000000 0.260784
0.264706 1.000000 0.250980
0.283333 1.000000 0.250980
0.301961 1.000000 0.250980
0.320588 1.000000 0.250980
0.339216 1.000000 0.250980
0.357843 1.000000 0.250980
0.376471 1.000000 0.250980
0.395098 1.000000 0.250980
0.413725 1.000000 0.250980
0.432353 1.000000 0.250980
0.450980 1.000000 0.250980
0.469608 1.000000 0.250980
0.488235 1.000000 0.250980
0.506863 1.000000 0.250980
0.525490 1.000000 0.250980
0.544118 1.000000 0.250980
0.562745 1.000000 0.250980
0.581373 1.000000 0.250980
0.600000 1.000000 0.250980
0.618627 1.000000 0.250980
0.637255 1.000000 0.250980
0.655882 1.000000 0.250980
0.674510 1.000000 0.250980
0.693137 1.000000 0.250980
0.711765 1.000000 0.250980
0.730392 1.000000 0.250980
0.749020 1.000000 0.250980
0.767412 1.000000 0.250980
0.785765 1.000000 0.250980
0.804078 1.000000 0.250980
0.822431 1.000000 0.250980
0.840745 1.000000 0.250980
0.859098 1.000000 0.250980
0.877451 1.000000 0.250980
0.895765 1.000000 0.250980
0.914118 1.000000 0.250980
0.932431 1.000000 0.250980
0.950784 1.000000 0.250980
0.969098 1.000000 0.250980
0.987451 1.000000 0.250980
1.000000 0.997137 0.250980
1.000000 0.988118 0.250980
1.000000 0.979098 0.250980
1.000000 0.970078 0.250980
1.000000 0.961059 0.250980
1.000000 0.952039 0.250980
1.000000 0.943020 0.250980
1.000000 0.934000 0.250980
1.000000 0.924980 0.250980
1.000000 0.915961 0.250980
1.000000 0.906941 0.250980
1.000000 0.897922 0.250980
1.000000 0.888863 0.250980
1.000000 0.879843 0.250980
1.000000 0.862745 0.250980
1.000000 0.844118 0.250980
1.000000 0.825490 0.250980
1.000000 0.806863 0.250980
1.000000 0.788235 0.250980
1.000000 0.769608 0.250980
1.000000 0.750980 0.250980
1.000000 0.732353 0.250980
1.000000 0.713725 0.250980
1.000000 0.695098 0.250980
1.000000 0.676471 0.250980
1.000000 0.657843 0.250980
1.000000 0.639216 0.250980
1.000000 0.620588 0.250980
1.000000 0.601961 0.250980
1.000000 0.583333 0.250980
1.000000 0.564706 0.250980
1.000000 0.546078 0.250980
1.000000 0.527451 0.250980
1.000000 0.508824 0.250980
1.000000 0.490196 0.250980
1.000000 0.471569 0.250980
1.000000 0.452941 0.250980
1.000000 0.434314 0.250980
1.000000 0.415686 0.250980
1.000000 0.397059 0.250980
1.000000 0.378431 0.250980
1.000000 0.359804 0.250980
1.000000 0.341176 0.250980
1.000000 0.322549 0.250980
1.000000 0.303922 0.250980
1.000000 0.285294 0.250980
1.000000 0.266667 0.250980
1.000000 0.248039 0.250980
1.000000 0.229412 0.250980
1.000000 0.210784 0.250980
1.000000 0.192157 0.250980
1.000000 0.173529 0.250980
1.000000 0.154902 0.250980
1.000000 0.136275 0.250980
1.000000 0.133333 0.266671
1.000000 0.151961 0.303925
1.000000 0.170588 0.341176
1.000000 0.189216 0.378431
1.000000 0.207843 0.415686
1.000000 0.226471 0.452941
1.000000 0.245098 0.490196
1.000000 0.263725 0.527451
1.000000 0.282353 0.564706
1.000000 0.300980 0.601961
1.000000 0.319608 0.639216
1.000000 0.338235 0.676471
1.000000 0.356863 0.713725
1.000000 0.375490 0.750980
1.000000 0.394118 0.770314
1.000000 0.412745 0.788667
1.000000 0.431373 0.806980
1.000000 0.450000 0.825333
1.000000 0.468627 0.843647
1.000000 0.487255 0.862000
1.000000 0.505882 0.880314
1.000000 0.524510 0.898667
1.000000 0.543137 0.917020
1.000000 0.561765 0.935333
1.000000 0.580392 0.953686
1.000000 0.599020 0.972000
1.000000 0.617647 0.990353
1.000000 0.636275 1.000000
1.000000 0.654902 1.000000
1.000000 0.673529 1.000000
1.000000 0.692157 1.000000
1.000000 0.710784 1.000000
1.000000 0.729412 1.000000
1.000000 0.748039 1.000000
1.000000 0.766667 1.000000
1.000000 0.785294 1.000000
1.000000 0.803922 1.000000
1.000000 0.822549 1.000000
1.000000 0.841176 1.000000
1.000000 0.859804 1.000000
