1.000000 0.000000 0.000000
1.000000 0.007813 0.007813
1.000000 0.015625 0.015625
1.000000 0.023438 0.023438
1.000000 0.031250 0.031250
1.000000 0.039062 0.039062
1.000000 0.046875 0.046875
1.000000 0.054686 0.054686
1.000000 0.062502 0.062502
1.000000 0.070314 0.070314
1.000000 0.078125 0.078125
1.000000 0.085937 0.085937
1.000000 0.093749 0.093749
1.000000 0.101561 0.101561
1.000000 0.109376 0.109376
1.000000 0.117188 0.117188
1.000000 0.125000 0.125000
1.000000 0.132812 0.132812
1.000000 0.140624 0.140624
1.000000 0.148439 0.148439
1.000000 0.156251 0.156251
1.000000 0.164063 0.164063
1.000000 0.171875 0.171875
1.000000 0.179686 0.179686
1.000000 0.187498 0.187498
1.000000 0.195314 0.195314
1.000000 0.203125 0.203125
1.000000 0.210937 0.210937
1.000000 0.218749 0.218749
1.000000 0.226561 0.226561
1.000000 0.234376 0.234376
1.000000 0.242188 0.242188
1.000000 0.250000 0.250000
1.000000 0.257812 0.257812
1.000000 0.265624 0.265624
1.000000 0.273439 0.273439
1.000000 0.281251 0.281251
1.000000 0.289063 0.289063
1.000000 0.296875 0.296875
1.000000 0.304686 0.304686
1.000000 0.312502 0.312502
1.000000 0.320314 0.320314
1.000000 0.328125 0.328125
1.000000 0.335937 0.335937
1.000000 0.343749 0.343749
1.000000 0.351561 0.351561
1.000000 0.359376 0.359376
1.000000 0.367188 0.367188
1.000000 0.375000 0.375000
1.000000 0.382812 0.382812
1.000000 0.390624 0.390624
1.000000 0.398431 0.398431
1.000000 0.406235 0.406235
1.000000 0.414078 0.414078
1.000000 0.421882 0.421882
1.000000 0.429686 0.429686
1.000000 0.437490 0.437490
1.000000 0.445294 0.445294
1.000000 0.453137 0.453137
1.000000 0.460941 0.460941
1.000000 0.468745 0.468745
1.000000 0.476549 0.476549
1.000000 0.484392 0.484392
1.000000 0.492196 0.492196
1.000000 0.500000 0.500000
1.000000 0.507804 0.507804
1.000000 0.515608 0.515608
1.000000 0.523451 0.523451
1.000000 0.531255 0.531255
1.000000 0.539059 0.539059
1.000000 0.546863 0.546863
1.000000 0.554706 0.554706
1.000000 0.562510 0.562510
1.000000 0.570314 0.570314
1.000000 0.578118 0.578118
1.000000 0.585922 0.585922
1.000000 0.593765 0.593765
1.000000 0.601569 0.601569
1.000000 0.609373 0.609373
1.000000 0.617176 0.617176
1.000000 0.625020 0.625020
1.000000 0.632824 0.632824
1.000000 0.640627 0.640627
1.000000 0.648431 0.648431
1.000000 0.656235 0.656235
1.000000 0.664078 0.664078
1.000000 0.671882 0.671882
1.000000 0.679686 0.679686
1.000000 0.687490 0.687490
1.000000 0.695294 0.695294
1.000000 0.703137 0.703137
1.000000 0.710941 0.710941
1.000000 0.718745 0.718745
1.000000 0.726549 0.726549
1.000000 0.734392 0.734392
1.000000 0.742196 0.742196
1.000000 0.750000 0.750000
1.000000 0.757804 0.757804
1.000000 0.765608 0.765608
1.000000 0.773451 0.773451
1.000000 0.781255 0.781255
1.000000 0.789059 0.789059
1.000000 0.796863 0.796863
1.000000 0.804706 0.804706
1.000000 0.812510 0.812510
1.000000 0.820314 0.820314
1.000000 0.828118 0.828118
1.000000 0.835922 0.835922
1.000000 0.843765 0.843765
1.000000 0.851569 0.851569
1.000000 0.859373 0.859373
1.000000 0.867176 0.867176
1.000000 0.874980 0.874980
1.000000 0.882824 0.882824
1.000000 0.890627 0.890627
1.000000 0.898431 0.898431
1.000000 0.906235 0.906235
1.000000 0.914078 0.914078
1.000000 0.921882 0.921882
1.000000 0.929686 0.929686
1.000000 0.937490 0.937490
1.000000 0.945294 0.945294
1.000000 0.953137 0.953137
1.000000 0.960941 0.960941
1.000000 0.968745 0.968745
1.000000 0.976549 0.976549
1.000000 0.984392 0.984392
1.000000 0.992196 0.992196
1.000000 1.000000 1.000000
0.992196 1.000000 0.992196
0.984392 1.000000 0.984392
0.976549 1.000000 0.976549
0.968745 1.000000 0.968745
0.960941 1.000000 0.960941
0.953137 1.000000 0.953137
0.945294 1.000000 0.945294
0.937490 1.000000 0.937490
0.929686 1.000000 0.929686
0.921882 1.000000 0.921882
0.914078 1.000000 0.914078
0.906235 1.000000 0.906235
0.898431 1.000000 0.898431
0.890627 1.000000 0.890627
0.882824 1.000000 0.882824
0.874980 1.000000 0.874980
0.867176 1.000000 0.867176
0.859373 1.000000 0.859373
0.851569 1.000000 0.851569
0.843765 1.000000 0.843765
0.835922 1.000000 0.835922
0.828118 1.000000 0.828118
0.820314 1.000000 0.820314
0.812510 1.000000 0.812510
0.804706 1.000000 0.804706
0.796863 1.000000 0.796863
0.789059 1.000000 0.789059
0.781255 1.000000 0.781255
0.773451 1.000000 0.773451
0.765608 1.000000 0.765608
0.757804 1.000000 0.757804
0.750000 1.000000 0.750000
0.742196 1.000000 0.742196
0.734392 1.000000 0.734392
0.726549 1.000000 0.726549
0.718745 1.000000 0.718745
0.710941 1.000000 0.710941
0.703137 1.000000 0.703137
0.695294 1.000000 0.695294
0.687490 1.000000 0.687490
0.679686 1.000000 0.679686
0.671882 1.000000 0.671882
0.664078 1.000000 0.664078
0.656235 1.000000 0.656235
0.648431 1.000000 0.648431
0.640627 1.000000 0.640627
0.632824 1.000000 0.632824
0.625020 1.000000 0.625020
0.617176 1.000000 0.617176
0.609373 1.000000 0.609373
0.601569 1.000000 0.601569
0.593765 1.000000 0.593765
0.585922 1.000000 0.585922
0.578118 1.000000 0.578118
0.570314 1.000000 0.570314
0.562510 1.000000 0.562510
0.554706 1.000000 0.554706
0.546863 1.000000 0.546863
0.539059 1.000000 0.539059
0.531255 1.000000 0.531255
0.523451 1.000000 0.523451
0.515608 1.000000 0.515608
0.507804 1.000000 0.507804
0.500000 1.000000 0.500000
0.492196 1.000000 0.492196
0.484392 1.000000 0.484392
0.476549 1.000000 0.476549
0.468745 1.000000 0.468745
0.460941 1.000000 0.460941
0.453137 1.000000 0.453137
0.445294 1.000000 0.445294
0.437490 1.000000 0.437490
0.429686 1.000000 0.429686
0.421882 1.000000 0.421882
0.414078 1.000000 0.414078
0.406235 1.000000 0.406235
0.398431 1.000000 0.398431
0.390624 1.000000 0.390624
0.382812 1.000000 0.382812
0.375000 1.000000 0.375000
0.367188 1.000000 0.367188
0.359376 1.000000 0.359376
0.351561 1.000000 0.351561
0.343749 1.000000 0.343749
0.335937 1.000000 0.335937
0.328125 1.000000 0.328125
0.320314 1.000000 0.320314
0.312502 1.000000 0.312502
0.304686 1.000000 0.304686
0.296875 1.000000 0.296875
0.289063 1.000000 0.289063
0.281251 1.000000 0.281251
0.273439 1.000000 0.273439
0.265624 1.000000 0.265624
0.257812 1.000000 0.257812
0.250000 1.000000 0.250000
0.242188 1.000000 0.242188
0.234376 1.000000 0.234376
0.226561 1.000000 0.226561
0.218749 1.000000 0.218749
0.210937 1.000000 0.210937
0.203125 1.000000 0.203125
0.195314 1.000000 0.195314
0.187498 1.000000 0.187498
0.179686 1.000000 0.179686
0.171875 1.000000 0.171875
0.164063 1.000000 0.164063
0.156251 1.000000 0.156251
0.148439 1.000000 0.148439
0.140624 1.000000 0.140624
0.132812 1.000000 0.132812
0.125000 1.000000 0.125000
0.117188 1.000000 0.117188
0.109376 1.000000 0.109376
0.101561 1.000000 0.101561
0.093749 1.000000 0.093749
0.085937 1.000000 0.085937
0.078125 1.000000 0.078125
0.070314 1.000000 0.070314
0.062502 1.000000 0.062502
0.054686 1.000000 0.054686
0.046875 1.000000 0.046875
0.039062 1.000000 0.039062
0.031250 1.000000 0.031250
0.023438 1.000000 0.023438
0.015625 1.000000 0.015625
0.007813 1.000000 0.007813
