0.000000 0.000000 0.498039
0.000000 0.000000 0.513725
0.000000 0.000000 0.529412
0.000000 0.000000 0.545098
0.000000 0.000000 0.560784
0.000000 0.000000 0.576471
0.000000 0.000000 0.592157
0.000000 0.000000 0.607843
0.000000 0.000000 0.623529
0.000000 0.000000 0.639216
0.000000 0.000000 0.654902
0.000000 0.000000 0.670588
0.000000 0.000000 0.686275
0.000000 0.000000 0.701961
0.000000 0.000000 0.717647
0.000000 0.000000 0.733333
0.000000 0.000000 0.749020
0.000000 0.000000 0.764706
0.000000 0.000000 0.780392
0.000000 0.000000 0.796078
0.000000 0.000000 0.811765
0.000000 0.000000 0.827451
0.000000 0.000000 0.843137
0.000000 0.000000 0.858824
0.000000 0.000000 0.874510
0.000000 0.000000 0.890196
0.000000 0.000000 0.905882
0.000000 0.000000 0.921569
0.000000 0.000000 0.937255
0.000000 0.000000 0.952941
0.000000 0.000000 0.968627
0.000000 0.000000 0.984314
0.000000 0.000000 1.000000
0.000000 0.015625 1.000000
0.000000 0.031250 1.000000
0.000000 0.046875 1.000000
0.000000 0.062502 1.000000
0.000000 0.078125 1.000000
0.000000 0.093749 1.000000
0.000000 0.109376 1.000000
0.000000 0.125000 1.000000
0.000000 0.140624 1.000000
0.000000 0.156251 1.000000
0.000000 0.171875 1.000000
0.000000 0.187498 1.000000
0.000000 0.203125 1.000000
0.000000 0.218749 1.000000
0.000000 0.234376 1.000000
0.000000 0.250000 1.000000
0.000000 0.265624 1.000000
0.000000 0.281251 1.000000
0.000000 0.296875 1.000000
0.000000 0.312502 1.000000
0.000000 0.328125 1.000000
0.000000 0.343749 1.000000
0.000000 0.359376 1.000000
0.000000 0.375000 1.000000
0.000000 0.390624 1.000000
0.000000 0.406235 1.000000
0.000000 0.421882 1.000000
0.000000 0.437490 1.000000
0.000000 0.453137 1.000000
0.000000 0.468745 1.000000
0.000000 0.484392 1.000000
0.000000 0.500000 1.000000
0.000000 0.515608 1.000000
0.000000 0.531255 1.000000
0.000000 0.546863 1.000000
0.000000 0.562510 1.000000
0.000000 0.578118 1.000000
0.000000 0.593765 1.000000
0.000000 0.609373 1.000000
0.000000 0.625020 1.000000
0.000000 0.640627 1.000000
0.000000 0.656235 1.000000
0.000000 0.671882 1.000000
0.000000 0.687490 1.000000
0.000000 0.703137 1.000000
0.000000 0.718745 1.000000
0.000000 0.734392 1.000000
0.000000 0.750000 1.000000
0.000000 0.765608 1.000000
0.000000 0.781255 1.000000
0.000000 0.796863 1.000000
0.000000 0.812510 1.000000
0.000000 0.828118 1.000000
0.000000 0.843765 1.000000
0.000000 0.859373 1.000000
0.000000 0.874980 1.000000
0.000000 0.890627 1.000000
0.000000 0.906235 1.000000
0.000000 0.921882 1.000000
0.000000 0.937490 1.000000
0.000000 0.953137 1.000000
0.000000 0.968745 1.000000
0.000000 0.984392 1.000000
0.000000 1.000000 1.000000
0.015625 1.000000 0.984392
0.031250 1.000000 0.968745
0.046875 1.000000 0.953137
0.062502 1.000000 0.937490
0.078125 1.000000 0.921882
0.093749 1.000000 0.906235
0.109376 1.000000 0.890627
0.125000 1.000000 0.874980
0.140624 1.000000 0.859373
0.156251 1.000000 0.843765
0.171875 1.000000 0.828118
0.187498 1.000000 0.812510
0.203125 1.000000 0.796863
0.218749 1.000000 0.781255
0.234376 1.000000 0.765608
0.250000 1.000000 0.750000
0.265624 1.000000 0.734392
0.281251 1.000000 0.718745
0.296875 1.000000 0.703137
0.312502 1.000000 0.687490
0.328125 1.000000 0.671882
0.343749 1.000000 0.656235
0.359376 1.000000 0.640627
0.375000 1.000000 0.625020
0.390624 1.000000 0.609373
0.406235 1.000000 0.593765
0.421882 1.000000 0.578118
0.437490 1.000000 0.562510
0.453137 1.000000 0.546863
0.468745 1.000000 0.531255
0.484392 1.000000 0.515608
0.500000 1.000000 0.500000
0.515608 1.000000 0.484392
0.531255 1.000000 0.468745
0.546863 1.000000 0.453137
0.562510 1.000000 0.437490
0.578118 1.000000 0.421882
0.593765 1.000000 0.406235
0.609373 1.000000 0.390624
0.625020 1.000000 0.375000
0.640627 1.000000 0.359376
0.656235 1.000000 0.343749
0.671882 1.000000 0.328125
0.687490 1.000000 0.312502
0.703137 1.000000 0.296875
0.718745 1.000000 0.281251
0.734392 1.000000 0.265624
0.750000 1.000000 0.250000
0.765608 1.000000 0.234376
0.781255 1.000000 0.218749
0.796863 1.000000 0.203125
0.812510 1.000000 0.187498
0.828118 1.000000 0.171875
0.843765 1.000000 0.156251
0.859373 1.000000 0.140624
0.874980 1.000000 0.125000
0.890627 1.000000 0.109376
0.906235 1.000000 0.093749
0.921882 1.000000 0.078125
0.937490 1.000000 0.062502
0.953137 1.000000 0.046875
0.968745 1.000000 0.031250
0.984392 1.000000 0.015625
1.000000 1.000000 0.000000
1.000000 0.984392 0.000000
1.000000 0.968745 0.000000
1.000000 0.953137 0.000000
1.000000 0.937490 0.000000
1.000000 0.921882 0.000000
1.000000 0.906235 0.000000
1.000000 0.890627 0.000000
1.000000 0.874980 0.000000
1.000000 0.859373 0.000000
1.000000 0.843765 0.000000
1.000000 0.828118 0.000000
1.000000 0.812510 0.000000
1.000000 0.796863 0.000000
1.000000 0.781255 0.000000
1.000000 0.765608 0.000000
1.000000 0.750000 0.000000
1.000000 0.734392 0.000000
1.000000 0.718745 0.000000
1.000000 0.703137 0.000000
1.000000 0.687490 0.000000
1.000000 0.671882 0.000000
1.000000 0.656235 0.000000
1.000000 0.640627 0.000000
1.000000 0.625020 0.000000
1.000000 0.609373 0.000000
1.000000 0.593765 0.000000
1.000000 0.578118 0.000000
1.000000 0.562510 0.000000
1.000000 0.546863 0.000000
1.000000 0.531255 0.000000
1.000000 0.515608 0.000000
1.000000 0.500000 0.000000
1.000000 0.484392 0.000000
1.000000 0.468745 0.000000
1.000000 0.453137 0.000000
1.000000 0.437490 0.000000
1.000000 0.421882 0.000000
1.000000 0.406235 0.000000
1.000000 0.390624 0.000000
1.000000 0.375000 0.000000
1.000000 0.359376 0.000000
1.000000 0.343749 0.000000
1.000000 0.328125 0.000000
1.000000 0.312502 0.000000
1.000000 0.296875 0.000000
1.000000 0.281251 0.000000
1.000000 0.265624 0.000000
1.000000 0.250000 0.000000
1.000000 0.234376 0.000000
1.000000 0.218749 0.000000
1.000000 0.203125 0.000000
1.000000 0.187498 0.000000
1.000000 0.171875 0.000000
1.000000 0.156251 0.000000
1.000000 0.140624 0.000000
1.000000 0.125000 0.000000
1.000000 0.109376 0.000000
1.000000 0.093749 0.000000
1.000000 0.078125 0.000000
1.000000 0.062502 0.000000
1.000000 0.046875 0.000000
1.000000 0.031250 0.000000
1.000000 0.015625 0.000000
1.000000 0.000000 0.000000
0.984314 0.000000 0.000000
0.968627 0.000000 0.000000
0.952941 0.000000 0.000000
0.937255 0.000000 0.000000
0.921569 0.000000 0.000000
0.905882 0.000000 0.000000
0.890196 0.000000 0.000000
0.874510 0.000000 0.000000
0.858824 0.000000 0.000000
0.843137 0.000000 0.000000
0.827451 0.000000 0.000000
0.811765 0.000000 0.000000
0.796078 0.000000 0.000000
0.780392 0.000000 0.000000
0.764706 0.000000 0.000000
0.749020 0.000000 0.000000
0.733333 0.000000 0.000000
0.717647 0.000000 0.000000
0.701961 0.000000 0.000000
0.686275 0.000000 0.000000
0.670588 0.000000 0.000000
0.654902 0.000000 0.000000
0.639216 0.000000 0.000000
0.623529 0.000000 0.000000
0.607843 0.000000 0.000000
0.592157 0.000000 0.000000
0.576471 0.000000 0.000000
0.560784 0.000000 0.000000
0.545098 0.000000 0.000000
0.529412 0.000000 0.000000
0.513725 0.000000 0.000000
