0.000000 0.000000 0.015686
0.003908 0.000000 0.019594
0.003922 0.003894 0.023502
0.003922 0.003922 0.031290
0.007778 0.003922 0.035229
0.007843 0.007764 0.042980
0.007843 0.007843 0.050796
0.011658 0.011658 0.058612
0.011765 0.011765 0.070227
0.015553 0.015553 0.078165
0.019451 0.015686 0.085961
0.023358 0.019436 0.093776
0.023529 0.019608 0.101592
0.027252 0.023331 0.109408
0.031160 0.027238 0.117224
0.035068 0.027451 0.125039
0.038966 0.031123 0.132835
0.042875 0.035030 0.140647
0.046780 0.035294 0.148463
0.050690 0.038924 0.159910
0.054596 0.042831 0.168016
0.062106 0.043137 0.175831
0.066333 0.046725 0.183647
0.070231 0.050624 0.191447
0.074141 0.050980 0.202812
0.078047 0.054518 0.210996
0.081957 0.054902 0.218812
0.085863 0.058412 0.230137
0.093267 0.058824 0.238365
0.097592 0.062298 0.246165
0.101498 0.062745 0.257435
0.108851 0.062745 0.265714
0.113235 0.066176 0.276961
0.117141 0.066667 0.285267
0.124455 0.066667 0.293082
0.128878 0.066667 0.304286
0.132780 0.066667 0.312620
0.140039 0.070020 0.323784
0.144514 0.070588 0.332169
0.151749 0.070588 0.343310
0.159565 0.067278 0.351722
0.164082 0.066667 0.359537
0.171255 0.066667 0.370612
0.175808 0.066667 0.379071
0.182965 0.066667 0.386886
0.190780 0.066667 0.394706
0.198596 0.063447 0.402510
0.203204 0.062745 0.410314
0.210286 0.062745 0.418118
0.218098 0.062745 0.422784
0.222761 0.059592 0.429843
0.229808 0.058824 0.437647
0.237624 0.058824 0.442353
0.245439 0.058824 0.446235
0.250157 0.058824 0.453255
0.257133 0.058824 0.457961
0.264945 0.058824 0.461882
0.269714 0.061871 0.465804
0.276655 0.062745 0.469686
0.284471 0.062745 0.470588
0.289282 0.062745 0.473608
0.296165 0.065729 0.477490
0.303976 0.066667 0.481412
0.308839 0.069624 0.482353
0.315686 0.070588 0.485294
0.320573 0.073514 0.486275
0.327396 0.074510 0.489176
0.335196 0.077404 0.490196
0.340129 0.081306 0.493059
0.346902 0.082353 0.494118
0.351867 0.085200 0.494118
0.358612 0.086275 0.496941
0.363604 0.089094 0.498039
0.370322 0.093004 0.498039
0.375337 0.094118 0.500824
0.382012 0.096886 0.501961
0.389827 0.100796 0.501961
0.394902 0.101961 0.501961
0.401529 0.104690 0.501961
0.406627 0.108596 0.504667
0.413216 0.109804 0.505882
0.418353 0.112482 0.505882
0.424941 0.113725 0.505882
0.430118 0.116376 0.505882
0.436627 0.120282 0.505882
0.444471 0.121569 0.505882
0.449686 0.124176 0.505882
0.456157 0.128078 0.505882
0.461412 0.129412 0.505882
0.467843 0.131969 0.505882
0.473137 0.133333 0.508431
0.479569 0.135863 0.509804
0.484863 0.137255 0.509804
0.491255 0.139749 0.509804
0.499059 0.143655 0.509804
0.504431 0.145098 0.507333
0.510784 0.147549 0.505882
0.516157 0.149020 0.505882
0.522510 0.151443 0.505882
0.530314 0.152941 0.505882
0.535725 0.155325 0.505882
0.542000 0.159235 0.505882
0.547451 0.160784 0.505882
0.553725 0.163129 0.505882
0.561529 0.164706 0.505882
0.567020 0.167024 0.505882
0.573216 0.168627 0.503569
0.578745 0.170906 0.501961
0.584941 0.172549 0.501961
0.592745 0.174800 0.501961
0.598314 0.176471 0.501961
0.604431 0.178694 0.499725
0.610039 0.180392 0.498039
0.616157 0.182580 0.498039
0.623961 0.184314 0.498039
0.629608 0.186475 0.495882
0.635647 0.188235 0.494118
0.643490 0.190369 0.494118
0.649176 0.192157 0.492000
0.655176 0.194251 0.490196
0.662980 0.198161 0.490196
0.668745 0.200000 0.488118
0.674706 0.202055 0.486275
0.680471 0.203922 0.484235
0.686392 0.205949 0.482353
0.694196 0.207843 0.482353
0.700039 0.209831 0.480353
0.705922 0.211765 0.478431
0.713725 0.213725 0.476471
0.719608 0.215686 0.474510
0.725451 0.217620 0.472588
0.733255 0.221522 0.470588
0.739137 0.223529 0.468706
0.744941 0.225412 0.466667
0.750902 0.227451 0.464784
0.756667 0.229306 0.460902
0.764471 0.233212 0.458824
0.770471 0.235294 0.456980
0.776157 0.237102 0.453098
0.782196 0.241004 0.450980
0.787882 0.243137 0.449216
0.795686 0.244898 0.445294
0.801765 0.248808 0.443137
0.807373 0.250980 0.441412
0.813490 0.252698 0.437490
0.819098 0.256600 0.435294
0.825216 0.260506 0.433608
0.830784 0.264416 0.429686
0.836941 0.268322 0.425804
0.842510 0.270588 0.423529
0.848667 0.272212 0.421922
0.854196 0.276114 0.418000
0.860431 0.280024 0.414078
0.865882 0.283929 0.410196
0.872157 0.287839 0.407843
0.876078 0.293294 0.406275
0.881490 0.299576 0.402392
0.887804 0.303478 0.398471
0.891686 0.307380 0.394588
0.895608 0.311290 0.392157
0.900980 0.316667 0.390686
0.907333 0.323024 0.386780
0.911255 0.326933 0.384314
0.915137 0.332263 0.382886
0.919059 0.338659 0.378988
0.922941 0.342569 0.376471
0.926863 0.347855 0.375094
0.930784 0.354306 0.371184
0.934667 0.359565 0.368627
0.938588 0.367373 0.368627
0.942471 0.373863 0.367314
0.946392 0.379071 0.364706
0.949020 0.386886 0.363420
0.950275 0.393412 0.360784
0.954196 0.398588 0.360784
0.956863 0.406392 0.360784
0.958078 0.414235 0.360784
0.962000 0.420824 0.360784
0.964706 0.425922 0.360784
0.965882 0.433725 0.360784
0.968627 0.441529 0.360784
0.969765 0.449373 0.360784
0.972549 0.457176 0.360784
0.973647 0.464980 0.361898
0.976471 0.471686 0.364706
0.976471 0.476667 0.364706
0.977529 0.484510 0.365780
0.980392 0.492314 0.368627
0.980392 0.500118 0.369675
0.981412 0.507922 0.372549
0.984314 0.515725 0.373557
0.984314 0.523569 0.377467
0.985294 0.531373 0.380392
0.988235 0.538235 0.381357
0.988235 0.543098 0.385267
0.988235 0.550902 0.389173
0.988235 0.558706 0.393059
0.989137 0.566510 0.396980
0.992157 0.574314 0.400902
0.992157 0.582157 0.404784
0.992157 0.589961 0.408706
0.992157 0.597765 0.412627
0.992157 0.604745 0.416510
0.992980 0.609451 0.420431
0.996078 0.617294 0.424314
0.996078 0.625098 0.428235
0.996078 0.632902 0.432157
0.996078 0.640706 0.436784
0.996078 0.648549 0.443882
0.996078 0.656353 0.447765
0.996078 0.663451 0.451686
0.996078 0.668039 0.456275
0.996078 0.675843 0.463412
0.996078 0.683686 0.467333
0.996078 0.691490 0.471882
0.996078 0.699294 0.479059
0.996078 0.707098 0.482980
0.996078 0.714314 0.487451
0.996078 0.718824 0.494706
0.996078 0.726627 0.499176
0.996078 0.734431 0.506431
0.996078 0.742235 0.510863
0.996078 0.750039 0.518157
0.996078 0.757373 0.522588
0.996078 0.761765 0.529882
0.996078 0.769569 0.534275
0.996078 0.777412 0.542118
0.996078 0.785216 0.549451
0.996078 0.793020 0.553804
0.996078 0.800392 0.561176
0.996078 0.804706 0.565490
0.996078 0.812549 0.573333
0.996078 0.820353 0.580745
0.996078 0.828157 0.585020
0.996078 0.835961 0.592824
0.996078 0.843451 0.600314
0.995765 0.847686 0.604549
0.992157 0.855490 0.612353
0.992157 0.863294 0.620157
0.992157 0.871098 0.627725
0.992157 0.878941 0.631882
0.992157 0.886510 0.639686
0.992157 0.890627 0.647490
0.992157 0.898431 0.655294
0.992157 0.906235 0.662941
0.992157 0.914078 0.667020
0.992000 0.921725 0.674824
0.988235 0.925765 0.682627
0.988235 0.933569 0.690431
0.988235 0.941373 0.698235
0.988235 0.949216 0.706078
0.988235 0.957020 0.713882
0.988235 0.964784 0.721647
0.988235 0.968706 0.725569
0.988235 0.976510 0.733373
0.988235 0.984353 0.741216
