0.050980 0.031373 0.529412
0.062702 0.027465 0.533333
0.074427 0.027451 0.537216
0.086149 0.027451 0.541137
0.097843 0.023594 0.548902
0.105725 0.023529 0.552863
0.113541 0.023529 0.556784
0.125173 0.023529 0.560667
0.133094 0.023529 0.564588
0.140910 0.023529 0.568510
0.148706 0.019765 0.568627
0.156522 0.019608 0.572392
0.164337 0.019608 0.576275
0.172153 0.019608 0.580196
0.179969 0.019608 0.584118
0.184086 0.019608 0.588000
0.191659 0.019608 0.591922
0.199471 0.019608 0.592157
0.207286 0.015964 0.595804
0.215102 0.015686 0.599725
0.219302 0.015686 0.603608
0.226812 0.015686 0.603922
0.234627 0.015686 0.607529
0.242427 0.015686 0.611412
0.246690 0.015686 0.611765
0.254133 0.015686 0.615294
0.261949 0.012162 0.619216
0.266255 0.011765 0.619608
0.273659 0.011765 0.623098
0.281459 0.011765 0.623529
0.285812 0.011765 0.626980
0.293165 0.011765 0.630902
0.297549 0.008333 0.631373
0.304875 0.007843 0.634784
0.312690 0.007843 0.635294
0.317114 0.007843 0.638667
0.324384 0.007843 0.639216
0.332196 0.007843 0.642549
0.336671 0.004504 0.643137
0.343906 0.003922 0.643137
0.348408 0.003922 0.646431
0.355616 0.003922 0.647059
0.360137 0.003922 0.650353
0.367306 0.003922 0.650980
0.375122 0.003922 0.650980
0.379702 0.000689 0.654196
0.386831 0.000000 0.654902
0.391439 0.000000 0.654902
0.398510 0.000000 0.654902
0.403176 0.000000 0.658078
0.410235 0.000000 0.658824
0.414902 0.000000 0.658824
0.421922 0.000000 0.658824
0.429765 0.000000 0.658824
0.434471 0.000000 0.658824
0.441451 0.000000 0.658824
0.446196 0.003061 0.658824
0.453137 0.003922 0.658824
0.457922 0.003922 0.658824
0.464863 0.003922 0.658824
0.469686 0.003922 0.658824
0.476549 0.006906 0.658824
0.481412 0.007843 0.658824
0.488275 0.010798 0.658824
0.493137 0.011765 0.658824
0.499961 0.014692 0.658824
0.504863 0.015686 0.655922
0.511686 0.018579 0.654902
0.516588 0.019608 0.654902
0.523373 0.022470 0.652039
0.528353 0.026378 0.650980
0.532235 0.030286 0.650980
0.538980 0.034194 0.648157
0.544000 0.038102 0.647059
0.550667 0.042004 0.647059
0.555725 0.045906 0.644275
0.559608 0.049816 0.643137
0.566275 0.053722 0.640392
0.571373 0.057631 0.639216
0.577961 0.061537 0.636510
0.583098 0.065439 0.632588
0.586980 0.072020 0.631373
0.593569 0.077173 0.628706
0.598745 0.081082 0.624784
0.602627 0.084988 0.623529
0.609176 0.088898 0.620902
0.614392 0.092804 0.616980
0.618275 0.096706 0.615686
0.624745 0.100612 0.613098
0.630000 0.104518 0.609216
0.633922 0.110969 0.605294
0.637843 0.116255 0.603922
0.644235 0.120165 0.601412
0.649569 0.124063 0.597490
0.653451 0.127969 0.593608
0.657373 0.131878 0.589686
0.663725 0.135784 0.585804
0.669098 0.139690 0.581882
0.673020 0.146024 0.580392
0.676902 0.151424 0.578000
0.680824 0.155325 0.574078
0.687098 0.159235 0.570196
0.692549 0.163141 0.566275
0.696471 0.167051 0.562353
0.700353 0.170957 0.558471
0.704275 0.177184 0.554549
0.708196 0.182690 0.550627
0.712078 0.186592 0.546745
0.716000 0.190502 0.542824
0.719882 0.194408 0.538941
0.726039 0.198318 0.535020
0.731647 0.202224 0.533333
0.735529 0.206125 0.531137
0.739451 0.212216 0.527216
0.743333 0.217859 0.523333
0.747255 0.221769 0.519412
0.751176 0.225675 0.515490
0.755059 0.229584 0.511608
0.758980 0.233486 0.507686
0.762863 0.237388 0.503804
0.766784 0.241298 0.499882
0.770706 0.247271 0.495961
0.774588 0.253035 0.492078
0.778510 0.256941 0.488157
0.782431 0.260851 0.484235
0.786314 0.264753 0.480353
0.790235 0.268655 0.478431
0.794118 0.272565 0.476471
0.798039 0.276471 0.472549
0.800000 0.282325 0.468627
0.801922 0.288208 0.464745
0.805843 0.292110 0.460824
0.809725 0.296012 0.456941
0.813647 0.299922 0.453020
0.817569 0.303827 0.449098
0.821451 0.307737 0.445216
0.825373 0.313486 0.443137
0.829294 0.319475 0.441294
0.833176 0.323376 0.437412
0.835294 0.327278 0.433490
0.837059 0.331188 0.429608
0.840980 0.335094 0.425686
0.844902 0.339004 0.421765
0.848784 0.342910 0.417882
0.852706 0.348529 0.415686
0.854902 0.354639 0.414000
0.856588 0.358545 0.410078
0.860510 0.362455 0.406157
0.864392 0.366361 0.402275
0.868314 0.370271 0.398353
0.870588 0.375796 0.394471
0.872196 0.381996 0.390553
0.876118 0.385906 0.388235
0.880000 0.389812 0.386659
0.883922 0.393725 0.382749
0.886275 0.397647 0.378843
0.887804 0.403059 0.374933
0.891725 0.409373 0.371031
0.895608 0.413255 0.367129
0.898039 0.417176 0.364706
0.899529 0.421098 0.363235
0.903412 0.426431 0.359329
0.905882 0.432824 0.355420
0.907294 0.436706 0.351514
0.911216 0.440627 0.347616
0.913725 0.444510 0.343706
0.915098 0.449804 0.341176
0.919020 0.456275 0.339812
0.921569 0.460157 0.335906
0.922902 0.464078 0.332000
0.926784 0.469294 0.328098
0.929412 0.475804 0.324192
0.930706 0.479725 0.320282
0.934588 0.483608 0.317647
0.937255 0.488784 0.316388
0.938510 0.495373 0.312482
0.941176 0.499255 0.308576
0.942392 0.503176 0.304675
0.945098 0.508275 0.300769
0.946275 0.514902 0.296859
0.950196 0.518824 0.294118
0.952941 0.523882 0.292965
0.954078 0.530549 0.289063
0.956863 0.534431 0.285161
0.957961 0.539451 0.281251
0.960784 0.546196 0.277345
0.961843 0.550078 0.273435
0.964706 0.555059 0.269529
0.965765 0.561843 0.266667
0.968627 0.565725 0.265639
0.968627 0.570627 0.261737
0.969608 0.577451 0.257827
0.972549 0.581373 0.253922
0.973529 0.586235 0.250016
0.976471 0.593098 0.246106
0.976471 0.597961 0.243137
0.977373 0.604824 0.242224
0.980392 0.608745 0.238314
0.980392 0.613529 0.234408
0.981255 0.620471 0.230498
0.984314 0.625255 0.226592
0.984314 0.632235 0.222686
0.985137 0.636118 0.219608
0.988235 0.640824 0.218800
0.988235 0.647843 0.214890
0.988235 0.652549 0.210984
0.988235 0.659608 0.207075
0.988980 0.664235 0.203169
0.992157 0.671333 0.200000
0.992157 0.675961 0.199282
0.992157 0.683059 0.195376
0.992157 0.687647 0.191467
0.992157 0.694784 0.187561
0.992157 0.699373 0.184314
0.992157 0.706510 0.183667
0.992784 0.711059 0.179769
0.996078 0.718275 0.175859
0.996078 0.722745 0.172549
0.996078 0.730000 0.171965
0.996078 0.734471 0.168059
0.996078 0.741725 0.164706
0.996078 0.746157 0.164173
0.995569 0.753961 0.160784
0.992157 0.761294 0.160278
0.992157 0.765686 0.156373
0.992157 0.773020 0.152941
0.992157 0.777412 0.152941
0.992157 0.785216 0.152494
0.992157 0.792588 0.149020
0.991765 0.796902 0.148608
0.988235 0.804314 0.145098
0.988235 0.808627 0.145098
0.988235 0.816431 0.145098
0.987882 0.823882 0.144741
0.984314 0.828118 0.141176
0.984314 0.835922 0.141176
0.984000 0.843451 0.141176
0.980392 0.847647 0.141176
0.980118 0.855451 0.141176
0.976471 0.863020 0.141439
0.976235 0.867176 0.145098
0.972549 0.874980 0.145098
0.972353 0.882549 0.145098
0.968627 0.886667 0.145098
0.968431 0.894471 0.145282
0.964706 0.902314 0.149020
0.964549 0.909961 0.149020
0.960784 0.914000 0.149153
0.960667 0.921804 0.152941
0.956745 0.929529 0.152941
0.952941 0.933529 0.152941
0.952863 0.941333 0.152941
0.948941 0.949137 0.152875
0.945098 0.956902 0.148976
0.945059 0.960824 0.145071
0.941176 0.968667 0.141133
