0.235294 0.701961 0.443137
0.250184 0.702431 0.445176
0.265075 0.702863 0.447176
0.279965 0.703333 0.449216
0.294851 0.703804 0.451216
0.309741 0.704275 0.453255
0.324631 0.704706 0.455255
0.339522 0.705176 0.457294
0.354412 0.705647 0.459294
0.369302 0.706078 0.461333
0.384192 0.706549 0.463373
0.399098 0.707020 0.465373
0.413961 0.707490 0.467412
0.428863 0.707922 0.469412
0.443765 0.708392 0.471451
0.458627 0.708863 0.473451
0.473529 0.709294 0.475490
0.488431 0.709765 0.477529
0.503294 0.710235 0.479529
0.518196 0.710706 0.481569
0.533098 0.711137 0.483569
0.547961 0.711608 0.485608
0.562863 0.712078 0.487608
0.577765 0.712549 0.489647
0.592627 0.712980 0.491647
0.607529 0.713451 0.493686
0.622431 0.713922 0.495725
0.637333 0.714353 0.497725
0.652196 0.714824 0.499765
0.667098 0.715294 0.501765
0.682000 0.715765 0.503804
0.696863 0.716196 0.505804
0.711765 0.716667 0.507843
0.726667 0.717137 0.509882
0.741529 0.717569 0.511882
0.756431 0.718039 0.513922
0.771333 0.718510 0.515922
0.786196 0.718980 0.517961
0.801098 0.719412 0.519961
0.816000 0.719882 0.522000
0.830863 0.720353 0.524000
0.845765 0.720784 0.526039
0.860667 0.721255 0.528078
0.870078 0.719059 0.525294
0.868510 0.711529 0.512863
0.866941 0.704000 0.500471
0.865373 0.696431 0.488039
0.863804 0.688902 0.475647
0.862275 0.681373 0.463255
0.860706 0.673843 0.450824
0.859137 0.666314 0.438431
0.857569 0.658745 0.426000
0.856000 0.651216 0.413608
0.854431 0.643686 0.401176
0.852863 0.636157 0.388788
0.851333 0.628627 0.376380
0.849765 0.621098 0.363973
0.848196 0.613529 0.351561
0.846627 0.606000 0.339153
0.845059 0.598471 0.326745
0.843490 0.590941 0.314337
0.841961 0.583412 0.301929
0.840392 0.575843 0.289522
0.838824 0.568314 0.277114
0.837255 0.560784 0.264706
0.835686 0.553255 0.252298
0.834118 0.545725 0.239890
0.832549 0.538157 0.227482
0.831020 0.530627 0.215075
0.829451 0.523098 0.202667
0.827882 0.515569 0.190259
0.826314 0.508039 0.177851
0.824745 0.500471 0.165439
0.823176 0.492941 0.153031
0.821647 0.485412 0.140624
0.820078 0.477882 0.128216
0.818510 0.470353 0.115808
0.816941 0.462824 0.103400
0.815373 0.455255 0.090992
0.813804 0.447725 0.078584
0.812235 0.440196 0.066176
0.810706 0.432667 0.053769
0.809137 0.425137 0.041361
0.807569 0.417569 0.028952
0.806000 0.410039 0.016544
0.804431 0.402510 0.004136
0.799882 0.397961 0.001164
0.793804 0.394941 0.002911
0.787725 0.391910 0.004657
0.781686 0.388878 0.006403
0.775608 0.385847 0.008149
0.769529 0.382812 0.009896
0.763490 0.379780 0.011642
0.757412 0.376745 0.013389
0.751333 0.373714 0.015135
0.745294 0.370678 0.016881
0.739216 0.367647 0.018627
0.733137 0.364616 0.020374
0.727098 0.361580 0.022120
0.721020 0.358549 0.023866
0.714941 0.355514 0.025613
0.708902 0.352482 0.027359
0.702824 0.349447 0.029105
0.696745 0.346416 0.030852
0.690667 0.343380 0.032598
0.684627 0.340349 0.034344
0.678549 0.337318 0.036091
0.672471 0.334282 0.037837
0.666431 0.331251 0.039584
0.660353 0.328216 0.041329
0.654275 0.325184 0.043075
0.648235 0.322149 0.044824
0.642157 0.319118 0.046569
0.636078 0.316086 0.048314
0.630039 0.313051 0.050063
0.623961 0.310020 0.051808
0.617882 0.306984 0.053553
0.611843 0.303953 0.055302
0.605765 0.300918 0.057047
0.599686 0.297886 0.058792
0.593608 0.294851 0.060541
0.587569 0.291820 0.062286
0.581490 0.288788 0.064031
0.575412 0.285753 0.065776
0.569373 0.282722 0.067525
0.563294 0.279686 0.069271
0.557216 0.276655 0.071016
0.551176 0.273620 0.072765
0.545098 0.270588 0.074510
0.554196 0.283824 0.089584
0.563294 0.297059 0.104655
0.572392 0.310294 0.119729
0.581490 0.323529 0.134804
0.590588 0.336765 0.149878
0.599686 0.350000 0.164949
0.608784 0.363235 0.180024
0.617882 0.376471 0.195098
0.626980 0.389706 0.210173
0.636078 0.402941 0.225243
0.645176 0.416157 0.240318
0.654275 0.429412 0.255392
0.663373 0.442627 0.270467
0.672471 0.455882 0.285537
0.681569 0.469098 0.300612
0.690667 0.482353 0.315686
0.699804 0.495569 0.330761
0.708902 0.508824 0.345831
0.718000 0.522039 0.360906
0.727098 0.535294 0.375980
0.736196 0.548510 0.391055
0.745294 0.561765 0.406118
0.754392 0.574980 0.421216
0.763490 0.588235 0.436275
0.772588 0.601451 0.451333
0.781686 0.614706 0.466431
0.790784 0.627922 0.481490
0.799882 0.641176 0.496549
0.808980 0.654392 0.511647
0.818078 0.667647 0.526706
0.827176 0.680863 0.541804
0.836275 0.694118 0.556863
0.845373 0.707333 0.571922
0.854471 0.720588 0.587020
0.863569 0.733804 0.602078
0.872667 0.747059 0.617137
0.881765 0.760275 0.632235
0.890863 0.773529 0.647294
0.899961 0.786745 0.662392
0.909059 0.800000 0.677451
0.918157 0.813216 0.692510
0.927255 0.826471 0.707608
0.933333 0.836078 0.718902
0.933333 0.838353 0.722667
0.933333 0.840667 0.726431
0.933333 0.842941 0.730196
0.933333 0.845255 0.733961
0.933333 0.847529 0.737725
0.933333 0.849843 0.741529
0.933333 0.852157 0.745294
0.933333 0.854431 0.749059
0.933333 0.856745 0.752824
0.933333 0.859020 0.756588
0.933333 0.861333 0.760353
0.933333 0.863647 0.764118
0.933333 0.865922 0.767882
0.933333 0.868235 0.771647
0.933333 0.870510 0.775412
0.933333 0.872824 0.779216
0.933333 0.875137 0.782980
0.933333 0.877412 0.786745
0.933333 0.879725 0.790510
0.933333 0.882000 0.794275
0.933333 0.884314 0.798039
0.933333 0.886627 0.801804
0.933333 0.888902 0.805569
0.933333 0.891216 0.809333
0.933333 0.893490 0.813098
0.933333 0.895804 0.816863
0.933333 0.898118 0.820667
0.933333 0.900392 0.824431
0.933333 0.902706 0.828196
0.933333 0.904980 0.831961
0.933333 0.907294 0.835725
0.933333 0.909608 0.839490
0.933333 0.911882 0.843255
0.933333 0.914196 0.847020
0.933333 0.916471 0.850784
0.933333 0.918784 0.854549
0.933333 0.921098 0.858353
0.933333 0.923373 0.862118
0.933333 0.925686 0.865882
0.933333 0.927961 0.869647
0.933333 0.930275 0.873412
0.933333 0.932549 0.877176
0.934392 0.934078 0.880039
0.935922 0.935176 0.882431
0.937490 0.936275 0.884824
0.939059 0.937373 0.887176
0.940627 0.938471 0.889569
0.942196 0.939569 0.891961
0.943765 0.940706 0.894353
0.945294 0.941804 0.896745
0.946863 0.942902 0.899137
0.948431 0.944000 0.901529
0.950000 0.945098 0.903922
0.951569 0.946196 0.906314
0.953137 0.947294 0.908706
0.954706 0.948392 0.911098
0.956235 0.949529 0.913490
0.957804 0.950627 0.915882
0.959373 0.951725 0.918275
0.960941 0.952824 0.920667
0.962510 0.953922 0.923059
0.964078 0.955020 0.925412
0.965608 0.956118 0.927804
0.967176 0.957216 0.930196
0.968745 0.958353 0.932588
0.970314 0.959451 0.934980
0.971882 0.960549 0.937373
0.973451 0.961647 0.939765
0.975020 0.962745 0.942157
0.976549 0.963843 0.944549
0.978118 0.964941 0.946941
0.979686 0.966039 0.949333
0.981255 0.967176 0.951725
0.982824 0.968275 0.954118
0.984392 0.969373 0.956510
0.985922 0.970471 0.958902
0.987490 0.971569 0.961294
0.989059 0.972667 0.963647
0.990627 0.973765 0.966039
0.992196 0.974863 0.968431
0.993765 0.976000 0.970824
0.995294 0.977098 0.973216
0.996863 0.978196 0.975608
0.998431 0.979294 0.978000
