0.000000 0.000000 0.000000
0.003799 0.004902 0.009682
0.007598 0.009804 0.019363
0.011397 0.014706 0.029044
0.015196 0.019608 0.038725
0.018995 0.024510 0.048408
0.022794 0.029412 0.058086
0.026593 0.034314 0.067769
0.030392 0.039216 0.077451
0.034191 0.044118 0.087133
0.037990 0.049020 0.096816
0.041788 0.053922 0.106494
0.045588 0.058824 0.116176
0.049388 0.063725 0.125859
0.053184 0.068627 0.135541
0.056984 0.073529 0.145220
0.060784 0.078431 0.154902
0.064584 0.083333 0.164584
0.068380 0.088235 0.174267
0.072180 0.093137 0.183945
0.075980 0.098039 0.193627
0.079780 0.102941 0.203310
0.083576 0.107843 0.212992
0.087376 0.112745 0.222671
0.091176 0.117647 0.232353
0.094976 0.122549 0.242035
0.098776 0.127451 0.251718
0.102573 0.132353 0.261396
0.106373 0.137255 0.271078
0.110173 0.142157 0.280761
0.113969 0.147059 0.290439
0.117769 0.151961 0.300122
0.121569 0.156863 0.309804
0.122427 0.159314 0.313114
0.123282 0.161765 0.316424
0.124141 0.164216 0.319729
0.125000 0.166667 0.323039
0.125859 0.169118 0.326349
0.126714 0.171569 0.329655
0.127573 0.174020 0.332965
0.128431 0.176471 0.336275
0.129290 0.178922 0.339584
0.130149 0.181373 0.342894
0.131004 0.183824 0.346200
0.131863 0.186275 0.349510
0.132722 0.188725 0.352820
0.133576 0.191176 0.356125
0.134435 0.193627 0.359435
0.135294 0.196078 0.362745
0.136153 0.198529 0.366055
0.137012 0.200980 0.369365
0.137867 0.203431 0.372671
0.138725 0.205882 0.375980
0.139584 0.208333 0.379290
0.140439 0.210784 0.382600
0.141298 0.213235 0.385906
0.142157 0.215686 0.389216
0.143016 0.218137 0.392510
0.143875 0.220588 0.395843
0.144729 0.223039 0.399137
0.145588 0.225490 0.402431
0.146447 0.227941 0.405765
0.147302 0.230392 0.409059
0.148161 0.232843 0.412392
0.149020 0.235294 0.415686
0.149937 0.237682 0.418980
0.150859 0.240075 0.422314
0.151776 0.242463 0.425608
0.152698 0.244855 0.428941
0.153616 0.247243 0.432235
0.154533 0.249631 0.435529
0.155455 0.252024 0.438863
0.156373 0.254412 0.442157
0.157290 0.256800 0.445451
0.158212 0.259192 0.448784
0.159129 0.261580 0.452078
0.160047 0.263969 0.455412
0.160969 0.266361 0.458706
0.161886 0.268749 0.462000
0.162808 0.271141 0.465333
0.163725 0.273529 0.468627
0.164643 0.275918 0.471922
0.165565 0.278310 0.475255
0.166482 0.280698 0.478549
0.167404 0.283090 0.481882
0.168322 0.285478 0.485176
0.169239 0.287867 0.488471
0.170161 0.290259 0.491804
0.171078 0.292647 0.495098
0.171996 0.295035 0.498392
0.172918 0.297427 0.501725
0.173835 0.299816 0.505020
0.174753 0.302208 0.508314
0.175675 0.304596 0.511647
0.176592 0.306984 0.514941
0.177514 0.309376 0.518275
0.178431 0.311765 0.521569
0.179349 0.314153 0.524863
0.180271 0.316545 0.528196
0.181188 0.318933 0.531490
0.182110 0.321322 0.534824
0.183027 0.323714 0.538118
0.183945 0.326102 0.541412
0.184867 0.328494 0.544745
0.185784 0.330882 0.548039
0.186702 0.333271 0.551333
0.187624 0.335663 0.554667
0.188541 0.338051 0.557961
0.189459 0.340439 0.561255
0.190380 0.342831 0.564588
0.191298 0.345220 0.567882
0.192220 0.347612 0.571216
0.193137 0.350000 0.574510
0.194055 0.352388 0.577804
0.194976 0.354780 0.581137
0.195894 0.357169 0.584431
0.196816 0.359561 0.587765
0.197733 0.361949 0.591059
0.198651 0.364337 0.594353
0.199573 0.366729 0.597686
0.200490 0.369118 0.600980
0.201408 0.371506 0.604275
0.202329 0.373898 0.607608
0.203247 0.376286 0.610902
0.204165 0.378675 0.614196
0.205086 0.381067 0.617529
0.206004 0.383455 0.620824
0.206925 0.385847 0.624157
0.207843 0.388235 0.627451
0.212502 0.400980 0.639961
0.217157 0.413725 0.652471
0.221816 0.426471 0.664941
0.226471 0.439216 0.677451
0.231129 0.451961 0.689961
0.235784 0.464706 0.702431
0.240439 0.477451 0.714941
0.245098 0.490196 0.727451
0.249757 0.502941 0.739961
0.254412 0.515686 0.752471
0.259067 0.528431 0.764941
0.263725 0.541176 0.777451
0.268384 0.553922 0.789961
0.273039 0.566667 0.802431
0.277694 0.579412 0.814941
0.282353 0.592157 0.827451
0.286031 0.598784 0.822431
0.289706 0.605412 0.817412
0.293380 0.612000 0.812392
0.297059 0.618627 0.807333
0.300737 0.625255 0.802314
0.304412 0.631843 0.797294
0.308086 0.638471 0.792275
0.311765 0.645098 0.787255
0.315443 0.651725 0.782235
0.319118 0.658353 0.777216
0.322792 0.664941 0.772196
0.326471 0.671569 0.767137
0.330149 0.678196 0.762118
0.333824 0.684784 0.757098
0.337498 0.691412 0.752078
0.341176 0.698039 0.747059
0.344855 0.704667 0.742039
0.348529 0.711294 0.737020
0.352204 0.717882 0.732000
0.355882 0.724510 0.726980
0.359561 0.731137 0.721922
0.363235 0.737725 0.716902
0.366914 0.744353 0.711882
0.370588 0.750980 0.706863
0.374267 0.757608 0.701843
0.377941 0.764235 0.696824
0.381620 0.770824 0.691804
0.385294 0.777451 0.686745
0.388973 0.784078 0.681725
0.392667 0.790706 0.676706
0.396314 0.797294 0.671686
0.400000 0.803922 0.666667
0.403176 0.804314 0.672314
0.406353 0.804745 0.677922
0.409569 0.805137 0.683569
0.412745 0.805569 0.689216
0.415922 0.805961 0.694863
0.419137 0.806353 0.700471
0.422314 0.806784 0.706118
0.425490 0.807176 0.711765
0.428667 0.807608 0.717412
0.431843 0.808000 0.723059
0.435059 0.808431 0.728667
0.438235 0.808824 0.734314
0.441412 0.809216 0.739961
0.444627 0.809647 0.745569
0.447804 0.810039 0.751216
0.450980 0.810471 0.756863
0.454157 0.810863 0.762510
0.457373 0.811294 0.768118
0.460549 0.811686 0.773765
0.463725 0.812078 0.779412
0.466902 0.812510 0.785059
0.470118 0.812902 0.790667
0.473294 0.813333 0.796314
0.476471 0.813725 0.801961
0.479647 0.814118 0.807608
0.482824 0.814549 0.813255
0.486039 0.814941 0.818863
0.489216 0.815373 0.824510
0.492392 0.815765 0.830157
0.495608 0.816157 0.835765
0.498784 0.816588 0.841412
0.501961 0.816980 0.847059
0.505137 0.817412 0.852706
0.508314 0.817804 0.858353
0.511529 0.818235 0.863961
0.514706 0.818627 0.869608
0.517882 0.819020 0.875255
0.521098 0.819451 0.880863
0.524275 0.819843 0.886510
0.527451 0.820275 0.892157
0.530627 0.820667 0.897804
0.533804 0.821098 0.903451
0.537020 0.821490 0.909059
0.540196 0.821882 0.914706
0.543373 0.822314 0.920353
0.546588 0.822706 0.925961
0.549765 0.823137 0.931608
0.552941 0.823529 0.937255
0.565686 0.829059 0.939216
0.578431 0.834549 0.941176
0.591176 0.840078 0.943137
0.603922 0.845569 0.945098
0.616667 0.851098 0.947059
0.629412 0.856627 0.949020
0.642157 0.862118 0.950980
0.654902 0.867647 0.952941
0.667647 0.873176 0.954902
0.680392 0.878667 0.956863
0.693137 0.884196 0.958824
0.705882 0.889725 0.960784
0.718627 0.895216 0.962745
0.731373 0.900745 0.964706
0.744118 0.906235 0.966667
0.756863 0.911765 0.968627
0.769608 0.917294 0.970588
0.782353 0.922784 0.972549
0.795098 0.928314 0.974510
0.807843 0.933804 0.976471
0.820588 0.939333 0.978431
0.833333 0.944863 0.980392
0.846078 0.950353 0.982353
0.858824 0.955882 0.984314
0.871569 0.961412 0.986275
0.884314 0.966902 0.988235
0.897059 0.972431 0.990196
0.909804 0.977961 0.992157
0.922549 0.983451 0.994118
0.935294 0.988980 0.996078
0.948039 0.994471 0.998039
