0.411765 0.000000 0.713725
0.413608 0.000000 0.715922
0.415451 0.000000 0.718118
0.417294 0.000000 0.720353
0.419098 0.000000 0.722549
0.420941 0.000000 0.724745
0.422784 0.000000 0.726941
0.424627 0.000000 0.729176
0.426471 0.000000 0.731373
0.428314 0.000000 0.733569
0.430157 0.000000 0.735765
0.432000 0.000000 0.737882
0.433804 0.000000 0.739686
0.435647 0.000000 0.741529
0.437490 0.000000 0.743373
0.439333 0.000000 0.745216
0.441176 0.000000 0.747059
0.443020 0.000000 0.748902
0.444863 0.000000 0.750745
0.446706 0.000000 0.752588
0.448549 0.000000 0.754431
0.450353 0.000000 0.756235
0.452196 0.000000 0.758824
0.454039 0.000000 0.761765
0.455882 0.000000 0.764706
0.457725 0.000000 0.767647
0.459569 0.000000 0.770588
0.461412 0.000000 0.773529
0.463255 0.000000 0.776471
0.465059 0.000000 0.779412
0.466902 0.000000 0.782353
0.468745 0.000000 0.785294
0.470588 0.000000 0.788235
0.466549 0.005147 0.789333
0.462510 0.010294 0.790431
0.458471 0.015441 0.791529
0.454431 0.020588 0.792627
0.450353 0.025735 0.793765
0.446314 0.030882 0.794863
0.442275 0.036029 0.795961
0.438235 0.041176 0.797059
0.434196 0.046322 0.798157
0.430157 0.051471 0.799255
0.426000 0.056616 0.800353
0.421569 0.061765 0.801451
0.417176 0.066910 0.802588
0.412745 0.072059 0.803686
0.408353 0.077204 0.804784
0.403922 0.082353 0.805882
0.399490 0.087502 0.806980
0.395098 0.092647 0.808078
0.390686 0.097796 0.809176
0.386275 0.102941 0.810314
0.381863 0.108090 0.811412
0.378800 0.111522 0.812118
0.376408 0.114094 0.812667
0.374020 0.116667 0.813255
0.371631 0.119239 0.813804
0.369239 0.121816 0.814353
0.366851 0.124388 0.814902
0.364459 0.126961 0.815451
0.362071 0.129533 0.816000
0.359682 0.132110 0.816549
0.357290 0.134682 0.817098
0.354902 0.137255 0.817647
0.352514 0.139827 0.818196
0.350122 0.142400 0.818745
0.347733 0.144976 0.819294
0.345345 0.147549 0.819843
0.342953 0.150122 0.820392
0.340565 0.152694 0.820941
0.338173 0.155271 0.821490
0.335784 0.157843 0.822039
0.333396 0.160416 0.822627
0.331004 0.162988 0.823176
0.327820 0.166545 0.824000
0.323039 0.172059 0.825490
0.318259 0.177573 0.826941
0.313482 0.183086 0.828431
0.308702 0.188604 0.829882
0.303922 0.194118 0.831373
0.299141 0.199631 0.832863
0.294361 0.205149 0.834314
0.289584 0.210663 0.835804
0.284804 0.216176 0.837255
0.280024 0.221690 0.838745
0.275243 0.227208 0.839961
0.270467 0.232722 0.841059
0.265686 0.238235 0.842157
0.260906 0.243749 0.843255
0.256125 0.249267 0.844353
0.251349 0.254780 0.845451
0.246569 0.260294 0.846588
0.241788 0.265808 0.847686
0.237008 0.271325 0.848784
0.232231 0.276839 0.849882
0.227451 0.282353 0.850980
0.222306 0.288235 0.852078
0.217157 0.294118 0.853176
0.212012 0.300000 0.854275
0.206863 0.305882 0.855373
0.201718 0.311765 0.856510
0.196569 0.317647 0.857608
0.191424 0.323529 0.858706
0.186275 0.329412 0.859804
0.181129 0.335294 0.860902
0.175980 0.341176 0.862000
0.170835 0.347059 0.863098
0.165686 0.352941 0.864196
0.160541 0.358824 0.865333
0.155392 0.364706 0.866431
0.150247 0.370588 0.867529
0.145098 0.376471 0.868627
0.139949 0.382353 0.869725
0.134804 0.388235 0.870824
0.129655 0.394118 0.871922
0.124510 0.400000 0.873059
0.119361 0.405882 0.874157
0.115808 0.409922 0.874863
0.113051 0.413059 0.875412
0.110294 0.416196 0.876000
0.107537 0.419294 0.876549
0.104780 0.422431 0.877098
0.102024 0.425569 0.877647
0.099263 0.428667 0.878196
0.096506 0.431804 0.878745
0.093749 0.434941 0.879294
0.090992 0.438039 0.879843
0.088235 0.441176 0.880392
0.085478 0.444314 0.880941
0.082722 0.447412 0.881490
0.079965 0.450549 0.882039
0.077208 0.453686 0.882588
0.074447 0.456784 0.883137
0.071690 0.459922 0.883686
0.068933 0.463059 0.884235
0.066176 0.466157 0.884784
0.063420 0.469294 0.885373
0.060663 0.472431 0.885922
0.056984 0.476588 0.886745
0.051471 0.482824 0.888235
0.045957 0.489098 0.889686
0.040443 0.495333 0.891176
0.034927 0.501608 0.892627
0.029412 0.507843 0.894118
0.023897 0.514078 0.895608
0.018382 0.520353 0.897059
0.012867 0.526588 0.898549
0.007353 0.532863 0.900000
0.001838 0.539098 0.901490
0.006127 0.544118 0.902706
0.015319 0.548549 0.903804
0.024510 0.552941 0.904902
0.033701 0.557373 0.906000
0.042894 0.561765 0.907098
0.052082 0.566196 0.908196
0.061275 0.570588 0.909333
0.070467 0.575020 0.910431
0.079659 0.579412 0.911529
0.088847 0.583843 0.912627
0.098039 0.588235 0.913725
0.107231 0.592627 0.914824
0.116420 0.597059 0.915922
0.125612 0.601451 0.917020
0.134804 0.605882 0.918118
0.143996 0.610275 0.919255
0.153184 0.614706 0.920353
0.162376 0.619098 0.921451
0.171569 0.623529 0.922549
0.180761 0.627922 0.923647
0.189949 0.632353 0.924745
0.199263 0.636745 0.925843
0.208824 0.641176 0.926941
0.218380 0.645569 0.928078
0.227941 0.650000 0.929176
0.237498 0.654392 0.930275
0.247059 0.658824 0.931373
0.256620 0.663255 0.932471
0.266176 0.667647 0.933569
0.275737 0.672078 0.934667
0.285294 0.676471 0.935804
0.294855 0.680902 0.936902
0.304659 0.685529 0.938000
0.314584 0.690314 0.939098
0.324510 0.695098 0.940196
0.334435 0.699882 0.941294
0.344365 0.704667 0.942392
0.354290 0.709451 0.943490
0.364216 0.714235 0.944627
0.374141 0.718980 0.945725
0.384071 0.723765 0.946824
0.394000 0.728549 0.947922
0.403922 0.733333 0.949020
0.408706 0.735725 0.949569
0.413490 0.738118 0.950118
0.418275 0.740510 0.950667
0.423059 0.742902 0.951216
0.427804 0.745294 0.951765
0.432588 0.747686 0.952314
0.437373 0.750078 0.952863
0.442157 0.752471 0.953451
0.446941 0.754824 0.954000
0.451725 0.757216 0.954549
0.456510 0.759608 0.955098
0.461294 0.762000 0.955647
0.466039 0.764392 0.956196
0.470824 0.766784 0.956745
0.475608 0.769176 0.957294
0.480392 0.771569 0.957843
0.485176 0.773961 0.958392
0.489961 0.776353 0.958941
0.494745 0.778745 0.959490
0.499529 0.781137 0.960039
0.504275 0.783529 0.960588
0.512745 0.787765 0.961765
0.523059 0.792902 0.963255
0.533333 0.798039 0.964706
0.543647 0.803176 0.966196
0.553922 0.808353 0.967647
0.564235 0.813490 0.969137
0.574510 0.818627 0.970588
0.584824 0.823765 0.972078
0.595098 0.828941 0.973529
0.605412 0.834078 0.975020
0.615686 0.839216 0.976471
0.626353 0.844000 0.977569
0.637020 0.848784 0.978667
0.647686 0.853569 0.979765
0.658314 0.858314 0.980863
0.668980 0.863098 0.982000
0.679647 0.867882 0.983098
0.690314 0.872667 0.984196
0.700980 0.877451 0.985294
0.711647 0.882235 0.986392
0.722314 0.887020 0.987490
0.732980 0.891922 0.988588
0.743608 0.897059 0.989686
0.754275 0.902196 0.990824
0.764941 0.907333 0.991922
0.775608 0.912510 0.993020
0.786275 0.917647 0.994118
0.796941 0.922784 0.995216
0.807608 0.927961 0.996314
0.818275 0.933098 0.997412
0.828941 0.938235 0.998549
0.839569 0.943373 0.999647
0.849529 0.947804 1.000000
0.859059 0.951843 1.000000
0.868627 0.955882 1.000000
0.878196 0.959922 1.000000
0.887765 0.963961 1.000000
0.897294 0.968000 1.000000
0.906863 0.972078 1.000000
0.916431 0.976118 1.000000
0.926000 0.980157 1.000000
0.935529 0.984196 1.000000
