0.000000 0.000000 0.000000
0.003906 0.003906 0.003906
0.007813 0.007813 0.007813
0.011719 0.011719 0.011719
0.015625 0.015625 0.015625
0.019531 0.019531 0.019531
0.023438 0.023438 0.023438
0.027344 0.027344 0.027344
0.031250 0.031250 0.031250
0.035156 0.035156 0.035156
0.039062 0.039062 0.039062
0.042969 0.042969 0.042969
0.046875 0.046875 0.046875
0.050780 0.050780 0.050780
0.054686 0.054686 0.054686
0.058592 0.058592 0.058592
0.062502 0.062502 0.062502
0.066408 0.066408 0.066408
0.070314 0.070314 0.070314
0.074220 0.074220 0.074220
0.078125 0.078125 0.078125
0.082031 0.082031 0.082031
0.085937 0.085937 0.085937
0.089843 0.089843 0.089843
0.093749 0.093749 0.093749
0.097655 0.097655 0.097655
0.101561 0.101561 0.101561
0.105471 0.105471 0.105471
0.109376 0.109376 0.109376
0.113282 0.113282 0.113282
0.117188 0.117188 0.117188
0.121094 0.121094 0.121094
0.125000 0.125000 0.125000
0.128906 0.128906 0.128906
0.132812 0.132812 0.132812
0.136718 0.136718 0.136718
0.140624 0.140624 0.140624
0.144529 0.144529 0.144529
0.148439 0.148439 0.148439
0.152345 0.152345 0.152345
0.156251 0.156251 0.156251
0.160157 0.160157 0.160157
0.164063 0.164063 0.164063
0.167969 0.167969 0.167969
0.171875 0.171875 0.171875
0.175780 0.175780 0.175780
0.179686 0.179686 0.179686
0.183592 0.183592 0.183592
0.187498 0.187498 0.187498
0.191408 0.191408 0.191408
0.195314 0.195314 0.195314
0.199220 0.199220 0.199220
0.203125 0.203125 0.203125
0.207031 0.207031 0.207031
0.210937 0.210937 0.210937
0.214843 0.214843 0.214843
0.218749 0.218749 0.218749
0.222655 0.222655 0.222655
0.226561 0.226561 0.226561
0.230471 0.230471 0.230471
0.234376 0.234376 0.234376
0.238282 0.238282 0.238282
0.242188 0.242188 0.242188
0.246094 0.246094 0.246094
0.250000 0.250000 0.250000
0.253906 0.253906 0.253906
0.257812 0.257812 0.257812
0.261718 0.261718 0.261718
0.265624 0.265624 0.265624
0.269529 0.269529 0.269529
0.273439 0.273439 0.273439
0.277345 0.277345 0.277345
0.281251 0.281251 0.281251
0.285157 0.285157 0.285157
0.289063 0.289063 0.289063
0.292969 0.292969 0.292969
0.296875 0.296875 0.296875
0.300780 0.300780 0.300780
0.304686 0.304686 0.304686
0.308592 0.308592 0.308592
0.312502 0.312502 0.312502
0.316408 0.316408 0.316408
0.320314 0.320314 0.320314
0.324220 0.324220 0.324220
0.328125 0.328125 0.328125
0.332031 0.332031 0.332031
0.335937 0.335937 0.335937
0.339843 0.339843 0.339843
0.343749 0.343749 0.343749
0.347655 0.347655 0.347655
0.351561 0.351561 0.351561
0.355471 0.355471 0.355471
0.359376 0.359376 0.359376
0.363282 0.363282 0.363282
0.367188 0.367188 0.367188
0.371094 0.371094 0.371094
0.375000 0.375000 0.375000
0.378906 0.378906 0.378906
0.382812 0.382812 0.382812
0.386718 0.386718 0.386718
0.390624 0.390624 0.390624
0.394549 0.394549 0.394549
0.398431 0.398431 0.398431
0.402353 0.402353 0.402353
0.406235 0.406235 0.406235
0.410157 0.410157 0.410157
0.414078 0.414078 0.414078
0.417961 0.417961 0.417961
0.421882 0.421882 0.421882
0.425765 0.425765 0.425765
0.429686 0.429686 0.429686
0.433608 0.433608 0.433608
0.437490 0.437490 0.437490
0.441412 0.441412 0.441412
0.445294 0.445294 0.445294
0.449216 0.449216 0.449216
0.453137 0.453137 0.453137
0.457020 0.457020 0.457020
0.460941 0.460941 0.460941
0.464863 0.464863 0.464863
0.468745 0.468745 0.468745
0.472667 0.472667 0.472667
0.476549 0.476549 0.476549
0.480471 0.480471 0.480471
0.484392 0.484392 0.484392
0.488275 0.488275 0.488275
0.492196 0.492196 0.492196
0.496078 0.496078 0.496078
0.500000 0.500000 0.500000
0.503922 0.503922 0.503922
0.507804 0.507804 0.507804
0.511725 0.511725 0.511725
0.515608 0.515608 0.515608
0.519529 0.519529 0.519529
0.523451 0.523451 0.523451
0.527333 0.527333 0.527333
0.531255 0.531255 0.531255
0.535137 0.535137 0.535137
0.539059 0.539059 0.539059
0.542980 0.542980 0.542980
0.546863 0.546863 0.546863
0.550784 0.550784 0.550784
0.554706 0.554706 0.554706
0.558588 0.558588 0.558588
0.562510 0.562510 0.562510
0.566392 0.566392 0.566392
0.570314 0.570314 0.570314
0.574235 0.574235 0.574235
0.578118 0.578118 0.578118
0.582039 0.582039 0.582039
0.585922 0.585922 0.585922
0.589843 0.589843 0.589843
0.593765 0.593765 0.593765
0.597647 0.597647 0.597647
0.601569 0.601569 0.601569
0.605451 0.605451 0.605451
0.609373 0.609373 0.609373
0.613294 0.613294 0.613294
0.617176 0.617176 0.617176
0.621098 0.621098 0.621098
0.625020 0.625020 0.625020
0.628902 0.628902 0.628902
0.632824 0.632824 0.632824
0.636706 0.636706 0.636706
0.640627 0.640627 0.640627
0.644549 0.644549 0.644549
0.648431 0.648431 0.648431
0.652353 0.652353 0.652353
0.656235 0.656235 0.656235
0.660157 0.660157 0.660157
0.664078 0.664078 0.664078
0.667961 0.667961 0.667961
0.671882 0.671882 0.671882
0.675765 0.675765 0.675765
0.679686 0.679686 0.679686
0.683608 0.683608 0.683608
0.687490 0.687490 0.687490
0.691412 0.691412 0.691412
0.695294 0.695294 0.695294
0.699216 0.699216 0.699216
0.703137 0.703137 0.703137
0.707020 0.707020 0.707020
0.710941 0.710941 0.710941
0.714863 0.714863 0.714863
0.718745 0.718745 0.718745
0.722667 0.722667 0.722667
0.726549 0.726549 0.726549
0.730471 0.730471 0.730471
0.734392 0.734392 0.734392
0.738275 0.738275 0.738275
0.742196 0.742196 0.742196
0.746078 0.746078 0.746078
0.750000 0.750000 0.750000
0.753922 0.753922 0.753922
0.757804 0.757804 0.757804
0.761725 0.761725 0.761725
0.765608 0.765608 0.765608
0.769529 0.769529 0.769529
0.773451 0.773451 0.773451
0.777333 0.777333 0.777333
0.781255 0.781255 0.781255
0.785137 0.785137 0.785137
0.789059 0.789059 0.789059
0.792980 0.792980 0.792980
0.796863 0.796863 0.796863
0.800784 0.800784 0.800784
0.804706 0.804706 0.804706
0.808588 0.808588 0.808588
0.812510 0.812510 0.812510
0.816392 0.816392 0.816392
0.820314 0.820314 0.820314
0.824235 0.824235 0.824235
0.828118 0.828118 0.828118
0.832039 0.832039 0.832039
0.835922 0.835922 0.835922
0.839843 0.839843 0.839843
0.843765 0.843765 0.843765
0.847647 0.847647 0.847647
0.851569 0.851569 0.851569
0.855451 0.855451 0.855451
0.859373 0.859373 0.859373
0.863294 0.863294 0.863294
0.867176 0.867176 0.867176
0.871098 0.871098 0.871098
0.874980 0.874980 0.874980
0.878902 0.878902 0.878902
0.882824 0.882824 0.882824
0.886706 0.886706 0.886706
0.890627 0.890627 0.890627
0.894549 0.894549 0.894549
0.898431 0.898431 0.898431
0.902353 0.902353 0.902353
0.906235 0.906235 0.906235
0.910157 0.910157 0.910157
0.914078 0.914078 0.914078
0.917961 0.917961 0.917961
0.921882 0.921882 0.921882
0.925765 0.925765 0.925765
0.929686 0.929686 0.929686
0.933608 0.933608 0.933608
0.937490 0.937490 0.937490
0.941412 0.941412 0.941412
0.945294 0.945294 0.945294
0.949216 0.949216 0.949216
0.953137 0.953137 0.953137
0.957020 0.957020 0.957020
0.960941 0.960941 0.960941
0.964863 0.964863 0.964863
0.968745 0.968745 0.968745
0.972667 0.972667 0.972667
0.976549 0.976549 0.976549
0.980471 0.980471 0.980471
0.984392 0.984392 0.984392
0.988275 0.988275 0.988275
0.992196 0.992196 0.992196
0.996078 0.996078 0.996078
