0.125490 0.376471 1.000000
0.125490 0.389980 1.000000
0.125490 0.403490 1.000000
0.125490 0.417020 1.000000
0.125490 0.430510 1.000000
0.125490 0.444039 1.000000
0.125490 0.457529 1.000000
0.125490 0.471059 1.000000
0.125490 0.484549 1.000000
0.125490 0.498078 1.000000
0.125490 0.511569 1.000000
0.125490 0.525098 1.000000
0.125490 0.538588 1.000000
0.125490 0.552118 1.000000
0.125490 0.565608 1.000000
0.125490 0.579137 1.000000
0.125490 0.592627 1.000000
0.125490 0.606157 1.000000
0.125490 0.619686 1.000000
0.125490 0.628431 1.000000
0.125490 0.635294 1.000000
0.125490 0.642157 1.000000
0.125490 0.649020 1.000000
0.125490 0.655882 1.000000
0.125490 0.662745 1.000000
0.125490 0.669608 1.000000
0.125490 0.676471 1.000000
0.125490 0.683333 1.000000
0.125490 0.690196 1.000000
0.125490 0.697059 1.000000
0.125490 0.703922 1.000000
0.125490 0.710784 1.000000
0.125490 0.717647 1.000000
0.125490 0.724510 1.000000
0.125490 0.731373 1.000000
0.125490 0.738235 1.000000
0.125490 0.745098 1.000000
0.122549 0.750471 1.000000
0.115686 0.753922 1.000000
0.108824 0.757333 1.000000
0.101961 0.760784 1.000000
0.095098 0.764196 1.000000
0.088235 0.767647 1.000000
0.081373 0.771059 1.000000
0.074510 0.774510 1.000000
0.067647 0.777922 1.000000
0.060784 0.781373 1.000000
0.053922 0.784784 1.000000
0.047059 0.788235 1.000000
0.040196 0.791647 1.000000
0.033334 0.795098 1.000000
0.026471 0.798510 1.000000
0.019608 0.801961 1.000000
0.012745 0.805373 1.000000
0.005883 0.808824 1.000000
0.001286 0.813216 1.000000
0.010293 0.823529 1.000000
0.019301 0.833804 1.000000
0.028308 0.844118 1.000000
0.037316 0.854392 1.000000
0.046322 0.864706 1.000000
0.055329 0.874980 1.000000
0.064337 0.885294 1.000000
0.073345 0.895569 1.000000
0.082353 0.905882 1.000000
0.091361 0.916157 1.000000
0.100369 0.926471 1.000000
0.109373 0.936745 1.000000
0.118380 0.947059 1.000000
0.127388 0.957333 1.000000
0.136396 0.967647 1.000000
0.145404 0.977922 1.000000
0.154412 0.988235 1.000000
0.163420 0.998510 1.000000
0.172608 1.000000 1.000000
0.181831 1.000000 1.000000
0.191055 1.000000 1.000000
0.200275 1.000000 1.000000
0.209498 1.000000 1.000000
0.218718 1.000000 1.000000
0.227941 1.000000 1.000000
0.237161 1.000000 1.000000
0.246384 1.000000 1.000000
0.255608 1.000000 1.000000
0.264827 1.000000 1.000000
0.274051 1.000000 1.000000
0.283271 1.000000 1.000000
0.292494 1.000000 1.000000
0.301714 1.000000 1.000000
0.310937 1.000000 1.000000
0.320161 1.000000 1.000000
0.329380 1.000000 1.000000
0.338478 1.000000 1.000000
0.347486 1.000000 1.000000
0.356494 1.000000 1.000000
0.365502 1.000000 1.000000
0.374510 1.000000 1.000000
0.383518 1.000000 1.000000
0.392510 1.000000 1.000000
0.401529 1.000000 1.000000
0.410549 1.000000 1.000000
0.419529 1.000000 1.000000
0.428549 1.000000 1.000000
0.437569 1.000000 1.000000
0.446549 1.000000 1.000000
0.455569 1.000000 1.000000
0.464588 1.000000 1.000000
0.473608 1.000000 1.000000
0.482588 1.000000 1.000000
0.491608 1.000000 1.000000
0.500667 1.000000 1.000000
0.509882 1.000000 1.000000
0.519098 1.000000 1.000000
0.528353 1.000000 1.000000
0.537569 1.000000 1.000000
0.546784 1.000000 1.000000
0.556000 1.000000 1.000000
0.565216 1.000000 1.000000
0.574431 1.000000 1.000000
0.583686 1.000000 1.000000
0.592902 1.000000 1.000000
0.602118 1.000000 1.000000
0.611333 1.000000 1.000000
0.620549 1.000000 1.000000
0.629765 1.000000 1.000000
0.639020 1.000000 1.000000
0.648235 1.000000 1.000000
0.657451 1.000000 1.000000
1.000000 1.000000 0.329412
1.000000 0.996784 0.311396
1.000000 0.993569 0.293380
1.000000 0.990353 0.275369
1.000000 0.987137 0.257353
1.000000 0.983922 0.239337
1.000000 0.980706 0.221322
1.000000 0.977490 0.203310
1.000000 0.974275 0.185294
1.000000 0.971059 0.167278
1.000000 0.967843 0.149263
1.000000 0.964627 0.131251
1.000000 0.961412 0.113235
1.000000 0.958196 0.095220
1.000000 0.954980 0.077204
1.000000 0.951765 0.059192
1.000000 0.948510 0.041176
1.000000 0.945294 0.023162
1.000000 0.942078 0.005147
1.000000 0.933686 0.000000
1.000000 0.923176 0.000000
1.000000 0.912667 0.000000
1.000000 0.902157 0.000000
1.000000 0.891647 0.000000
1.000000 0.881137 0.000000
1.000000 0.870627 0.000000
1.000000 0.860118 0.000000
1.000000 0.849608 0.000000
1.000000 0.839098 0.000000
1.000000 0.828588 0.000000
1.000000 0.818078 0.000000
1.000000 0.807569 0.000000
1.000000 0.797059 0.000000
1.000000 0.786549 0.000000
1.000000 0.776039 0.000000
1.000000 0.765529 0.000000
1.000000 0.755020 0.000000
1.000000 0.746902 0.000000
1.000000 0.741961 0.000000
1.000000 0.737059 0.000000
1.000000 0.732118 0.000000
1.000000 0.727176 0.000000
1.000000 0.722235 0.000000
1.000000 0.717294 0.000000
1.000000 0.712392 0.000000
1.000000 0.707451 0.000000
1.000000 0.702510 0.000000
1.000000 0.697569 0.000000
1.000000 0.692627 0.000000
1.000000 0.687725 0.000000
1.000000 0.682784 0.000000
1.000000 0.677843 0.000000
1.000000 0.672902 0.000000
1.000000 0.668000 0.000000
1.000000 0.663059 0.000000
1.000000 0.657922 0.000000
1.000000 0.651451 0.000000
1.000000 0.645020 0.000000
1.000000 0.638588 0.000000
1.000000 0.632157 0.000000
1.000000 0.625725 0.000000
1.000000 0.619294 0.000000
1.000000 0.612863 0.000000
1.000000 0.606431 0.000000
1.000000 0.600000 0.000000
1.000000 0.593569 0.000000
1.000000 0.587137 0.000000
1.000000 0.580706 0.000000
1.000000 0.574275 0.000000
1.000000 0.567843 0.000000
1.000000 0.561412 0.000000
1.000000 0.554980 0.000000
1.000000 0.548549 0.000000
1.000000 0.542078 0.000000
1.000000 0.536392 0.000000
1.000000 0.530824 0.000000
1.000000 0.525255 0.000000
1.000000 0.519686 0.000000
1.000000 0.514078 0.000000
1.000000 0.508510 0.000000
1.000000 0.502941 0.000000
1.000000 0.497373 0.000000
1.000000 0.491804 0.000000
1.000000 0.486196 0.000000
1.000000 0.480627 0.000000
1.000000 0.475059 0.000000
1.000000 0.469490 0.000000
1.000000 0.463922 0.000000
1.000000 0.458353 0.000000
1.000000 0.452745 0.000000
1.000000 0.447176 0.000000
1.000000 0.441608 0.000000
1.000000 0.434941 0.000000
1.000000 0.427412 0.000000
1.000000 0.419922 0.000000
1.000000 0.412392 0.000000
1.000000 0.404902 0.000000
1.000000 0.397412 0.000000
1.000000 0.389890 0.000000
1.000000 0.382384 0.000000
1.000000 0.374878 0.000000
1.000000 0.367373 0.000000
1.000000 0.359867 0.000000
1.000000 0.352361 0.000000
1.000000 0.344855 0.000000
1.000000 0.337345 0.000000
1.000000 0.329839 0.000000
1.000000 0.322333 0.000000
1.000000 0.314827 0.000000
1.000000 0.307322 0.000000
1.000000 0.297243 0.000000
1.000000 0.280729 0.000000
1.000000 0.264216 0.000000
1.000000 0.247702 0.000000
1.000000 0.231188 0.000000
1.000000 0.214675 0.000000
1.000000 0.198161 0.000000
1.000000 0.181647 0.000000
1.000000 0.165133 0.000000
1.000000 0.148620 0.000000
1.000000 0.132110 0.000000
1.000000 0.115596 0.000000
1.000000 0.099082 0.000000
1.000000 0.082569 0.000000
1.000000 0.066055 0.000000
1.000000 0.049541 0.000000
1.000000 0.033027 0.000000
1.000000 0.016513 0.000000
