0.200000 0.400000 0.000000
0.209561 0.411412 0.003799
0.219118 0.422784 0.007598
0.228678 0.434196 0.011397
0.238235 0.445569 0.015196
0.247796 0.456980 0.018995
0.257353 0.468392 0.022794
0.266910 0.479765 0.026593
0.276471 0.491176 0.030392
0.286031 0.502588 0.034191
0.295588 0.513961 0.037990
0.305145 0.525373 0.041788
0.314706 0.536784 0.045588
0.324267 0.548157 0.049388
0.333824 0.559569 0.053184
0.343380 0.570941 0.056984
0.352941 0.582353 0.060784
0.362502 0.593765 0.064584
0.372059 0.605137 0.068380
0.381616 0.616549 0.072180
0.391176 0.627922 0.075980
0.400745 0.639333 0.079780
0.410275 0.650745 0.083576
0.419843 0.662118 0.087376
0.429412 0.673529 0.091176
0.438980 0.684941 0.094976
0.448510 0.696314 0.098776
0.458078 0.707725 0.102573
0.467647 0.719098 0.106373
0.477216 0.730510 0.110173
0.486745 0.741922 0.113969
0.496314 0.753294 0.117769
0.505882 0.764706 0.121569
0.521333 0.772039 0.142769
0.536784 0.779412 0.163969
0.552196 0.786745 0.185173
0.567647 0.794118 0.206373
0.583098 0.801451 0.227573
0.598510 0.808824 0.248776
0.613961 0.816157 0.269976
0.629412 0.823529 0.291176
0.644863 0.830863 0.312376
0.660314 0.838235 0.333580
0.675725 0.845569 0.354780
0.691176 0.852941 0.375980
0.706627 0.860275 0.397176
0.722039 0.867647 0.418392
0.737490 0.874980 0.439569
0.752941 0.882353 0.460784
0.768392 0.889725 0.482000
0.783843 0.897059 0.503176
0.799255 0.904392 0.524392
0.814706 0.911765 0.545608
0.830157 0.919137 0.566784
0.845569 0.926471 0.588000
0.861020 0.933804 0.609176
0.876471 0.941176 0.630392
0.891922 0.948549 0.651608
0.907373 0.955882 0.672784
0.922784 0.963216 0.694000
0.938235 0.970588 0.715216
0.953686 0.977961 0.736392
0.969098 0.985294 0.757608
0.984549 0.992627 0.778784
1.000000 1.000000 0.800000
0.999333 0.995961 0.791725
0.998667 0.991922 0.783451
0.997961 0.987882 0.775176
0.997294 0.983843 0.766902
0.996627 0.979765 0.758627
0.995961 0.975725 0.750353
0.995294 0.971686 0.742078
0.994588 0.967647 0.733843
0.993922 0.963608 0.725569
0.993255 0.959569 0.717294
0.992588 0.955529 0.709020
0.991922 0.951451 0.700745
0.991255 0.947412 0.692471
0.990549 0.943373 0.684196
0.989882 0.939333 0.675922
0.989216 0.935294 0.667647
0.988549 0.931255 0.659373
0.987882 0.927216 0.651098
0.987176 0.923176 0.642824
0.986510 0.919137 0.634549
0.985843 0.915059 0.626275
0.985176 0.911020 0.618000
0.984510 0.906980 0.609725
0.983843 0.902941 0.601490
0.983137 0.898902 0.593216
0.982471 0.894863 0.584941
0.981804 0.890824 0.576667
0.981137 0.886745 0.568392
0.980471 0.882706 0.560118
0.979765 0.878667 0.551843
0.979098 0.874627 0.543569
0.978431 0.870588 0.535294
0.977765 0.866549 0.527020
0.977098 0.862510 0.518745
0.976392 0.858471 0.510471
0.975725 0.854431 0.502196
0.975059 0.850353 0.493922
0.974392 0.846314 0.485647
0.973725 0.842275 0.477373
0.973020 0.838235 0.469098
0.972353 0.834196 0.460863
0.971686 0.830157 0.452588
0.971020 0.826118 0.444314
0.970353 0.822039 0.436039
0.969686 0.818000 0.427765
0.968980 0.813961 0.419490
0.968314 0.809922 0.411216
0.967647 0.805882 0.402941
0.966980 0.801843 0.394667
0.966314 0.797804 0.386396
0.965608 0.793765 0.378125
0.964941 0.789725 0.369851
0.964275 0.785647 0.361580
0.963608 0.781608 0.353310
0.962941 0.777569 0.345035
0.962275 0.773529 0.336765
0.961569 0.769490 0.328494
0.960902 0.765451 0.320220
0.960235 0.761412 0.311949
0.959569 0.757333 0.303675
0.958902 0.753294 0.295404
0.958196 0.749255 0.287133
0.957529 0.745216 0.278859
0.956863 0.741176 0.270588
0.939451 0.724275 0.263604
0.922039 0.707373 0.256620
0.904667 0.690431 0.249631
0.887255 0.673529 0.242647
0.869843 0.656627 0.235663
0.852471 0.639725 0.228675
0.835059 0.622784 0.221690
0.817647 0.605882 0.214706
0.800235 0.588980 0.207722
0.782863 0.572078 0.200733
0.765451 0.555137 0.193749
0.748039 0.538235 0.186765
0.730627 0.521333 0.179780
0.713255 0.504392 0.172792
0.695843 0.487490 0.165808
0.678431 0.470588 0.158824
0.661020 0.453686 0.151839
0.643608 0.436784 0.144851
0.626235 0.419843 0.137867
0.608824 0.402941 0.130882
0.591412 0.386027 0.123898
0.574039 0.369118 0.116910
0.556627 0.352204 0.109925
0.539216 0.335294 0.102941
0.521804 0.318384 0.095957
0.504392 0.301471 0.088969
0.487020 0.284557 0.081984
0.469608 0.267647 0.075000
0.452196 0.250733 0.068016
0.434824 0.233824 0.061031
0.417412 0.216910 0.054043
0.400000 0.200000 0.047059
0.400000 0.200000 0.045588
0.400000 0.200000 0.044118
0.400000 0.200000 0.042647
0.400000 0.200000 0.041176
0.400000 0.200000 0.039706
0.400000 0.200000 0.038235
0.400000 0.200000 0.036765
0.400000 0.200000 0.035294
0.400000 0.200000 0.033824
0.400000 0.200000 0.032353
0.400000 0.200000 0.030882
0.400000 0.200000 0.029412
0.400000 0.200000 0.027941
0.400000 0.200000 0.026471
0.400000 0.200000 0.025000
0.400000 0.200000 0.023529
0.400000 0.200000 0.022059
0.400000 0.200000 0.020588
0.400000 0.200000 0.019118
0.400000 0.200000 0.017647
0.400000 0.200000 0.016176
0.400000 0.200000 0.014706
0.400000 0.200000 0.013235
0.400000 0.200000 0.011765
0.400000 0.200000 0.010294
0.400000 0.200000 0.008824
0.400000 0.200000 0.007353
0.400000 0.200000 0.005882
0.400000 0.200000 0.004412
0.400000 0.200000 0.002941
0.400000 0.200000 0.001471
0.400000 0.200000 0.000000
0.409373 0.212439 0.015502
0.418745 0.224878 0.031005
0.428118 0.237318 0.046506
0.437490 0.249757 0.062008
0.446863 0.262192 0.077514
0.456235 0.274631 0.093016
0.465608 0.287071 0.108518
0.475020 0.299510 0.124020
0.484392 0.311949 0.139522
0.493765 0.324388 0.155024
0.503137 0.336827 0.170525
0.512510 0.349267 0.186031
0.521882 0.361702 0.201533
0.531255 0.374141 0.217035
0.540627 0.386580 0.232537
0.550000 0.399020 0.248039
0.559373 0.411451 0.263541
0.568745 0.423882 0.279043
0.578118 0.436353 0.294545
0.587490 0.448784 0.310047
0.596863 0.461216 0.325553
0.606235 0.473647 0.341055
0.615608 0.486078 0.356557
0.625020 0.498549 0.372059
0.634392 0.510980 0.387561
0.643765 0.523412 0.403059
0.653137 0.535843 0.418549
0.662510 0.548275 0.434078
0.671882 0.560706 0.449569
0.681255 0.573176 0.465059
0.690627 0.585608 0.480588
0.700000 0.598039 0.496078
0.709373 0.610471 0.511569
0.718745 0.622902 0.527098
0.728118 0.635373 0.542588
0.737490 0.647804 0.558078
0.746863 0.660235 0.573608
0.756235 0.672667 0.589098
0.765608 0.685098 0.604588
0.774980 0.697569 0.620078
0.784392 0.710000 0.635608
0.793765 0.722431 0.651098
0.803137 0.734863 0.666588
0.812510 0.747294 0.682118
0.821882 0.759725 0.697608
0.831255 0.772196 0.713098
0.840627 0.784627 0.728627
0.850000 0.797059 0.744118
0.859373 0.809490 0.759608
0.868745 0.821922 0.775137
0.878118 0.834392 0.790627
0.887490 0.846824 0.806118
0.896863 0.859255 0.821647
0.906235 0.871686 0.837137
0.915608 0.884118 0.852627
0.925020 0.896588 0.868157
0.934392 0.909020 0.883647
0.943765 0.921451 0.899137
0.953137 0.933882 0.914627
0.962510 0.946314 0.930157
0.971882 0.958745 0.945647
0.981255 0.971216 0.961137
0.990627 0.983647 0.976667
