0.274510 0.470588 0.196078
0.286765 0.465686 0.196078
0.299020 0.460784 0.196078
0.311275 0.455882 0.196078
0.323529 0.450980 0.196078
0.335784 0.446078 0.196078
0.348039 0.441176 0.196078
0.360294 0.436275 0.196078
0.372549 0.431373 0.196078
0.384804 0.426471 0.196078
0.397059 0.421569 0.196078
0.409333 0.416667 0.196078
0.421569 0.411765 0.196078
0.433804 0.406863 0.196078
0.446078 0.401961 0.196078
0.458353 0.397059 0.196078
0.470588 0.392157 0.196078
0.476941 0.398510 0.198529
0.483333 0.404902 0.200980
0.489725 0.411294 0.203431
0.496078 0.417647 0.205882
0.502431 0.424000 0.208333
0.508824 0.430392 0.210784
0.515216 0.436784 0.213235
0.521569 0.443137 0.215686
0.527922 0.449490 0.218137
0.534314 0.455882 0.220588
0.540706 0.462275 0.223039
0.547059 0.468627 0.225490
0.553412 0.475020 0.227941
0.559804 0.481373 0.230392
0.566196 0.487765 0.232843
0.572549 0.494118 0.235294
0.578902 0.500471 0.237745
0.585294 0.506863 0.240196
0.591686 0.513255 0.242647
0.598039 0.519608 0.245098
0.604392 0.525961 0.247549
0.610784 0.532353 0.250000
0.617176 0.538745 0.252451
0.623529 0.545098 0.254902
0.629882 0.551451 0.257353
0.636275 0.557843 0.259804
0.642627 0.564235 0.262255
0.649020 0.570588 0.264706
0.655373 0.576941 0.267157
0.661765 0.583333 0.269608
0.668157 0.589725 0.272059
0.674510 0.596078 0.274510
0.680863 0.602431 0.276961
0.687255 0.608824 0.279412
0.693647 0.615216 0.281863
0.700000 0.621569 0.284314
0.706353 0.627922 0.286765
0.712745 0.634314 0.289216
0.719137 0.640706 0.291667
0.725490 0.647059 0.294118
0.731882 0.653412 0.296569
0.738235 0.659804 0.299020
0.744627 0.666196 0.301471
0.750980 0.672549 0.303922
0.757333 0.678902 0.306373
0.763725 0.685294 0.308824
0.770118 0.691686 0.311275
0.776471 0.698039 0.313725
0.782824 0.704392 0.316176
0.789216 0.710784 0.318627
0.795608 0.717176 0.321078
0.801961 0.723529 0.323529
0.808314 0.729882 0.325980
0.814706 0.736275 0.328431
0.821098 0.742667 0.330882
0.827451 0.749020 0.333333
0.833804 0.755373 0.335784
0.840196 0.761765 0.338235
0.846588 0.768118 0.340686
0.852941 0.774510 0.343137
0.859294 0.780863 0.345588
0.865686 0.787255 0.348039
0.872078 0.793647 0.350490
0.878431 0.800000 0.352941
0.884784 0.806353 0.355392
0.891176 0.812745 0.357843
0.897529 0.819137 0.360294
0.903922 0.825490 0.362745
0.910275 0.831843 0.365196
0.916667 0.838235 0.367647
0.923020 0.844627 0.370098
0.929412 0.850980 0.372549
0.935765 0.857373 0.375000
0.942157 0.863725 0.377451
0.948549 0.870118 0.379902
0.954902 0.876471 0.382353
0.961255 0.882824 0.384804
0.967647 0.889216 0.387255
0.974039 0.895608 0.389706
0.980392 0.901961 0.392157
0.980392 0.902431 0.395333
0.980392 0.902941 0.398510
0.980392 0.903451 0.401725
0.980392 0.903922 0.404902
0.980392 0.904392 0.408078
0.980392 0.904902 0.411294
0.980392 0.905412 0.414471
0.980392 0.905882 0.417647
0.980392 0.906353 0.420824
0.980392 0.906863 0.424000
0.980392 0.907373 0.427216
0.980392 0.907843 0.430392
0.980392 0.908314 0.433569
0.980392 0.908824 0.436784
0.980392 0.909333 0.439961
0.980392 0.909804 0.443137
0.980392 0.910275 0.446314
0.980392 0.910784 0.449490
0.980392 0.911294 0.452706
0.980392 0.911765 0.455882
0.980392 0.912235 0.459059
0.980392 0.912745 0.462275
0.980392 0.913255 0.465451
0.980392 0.913725 0.468627
0.980392 0.914196 0.471804
0.980392 0.914706 0.475020
0.980392 0.915216 0.478196
0.980392 0.915686 0.481373
0.980392 0.916157 0.484549
0.980392 0.916667 0.487765
0.980392 0.917176 0.490941
0.980392 0.917647 0.494118
0.980627 0.918118 0.497294
0.980863 0.918627 0.500471
0.981137 0.919137 0.503686
0.981373 0.919608 0.506863
0.981608 0.920078 0.510039
0.981882 0.920588 0.513255
0.982118 0.921098 0.516431
0.982353 0.921569 0.519608
0.982588 0.922039 0.522784
0.982824 0.922549 0.525961
0.983098 0.923020 0.529176
0.983333 0.923529 0.532353
0.983569 0.924000 0.535529
0.983843 0.924510 0.538745
0.984078 0.924980 0.541922
0.984314 0.925490 0.545098
0.984549 0.925961 0.548275
0.984784 0.926471 0.551451
0.985059 0.926980 0.554667
0.985294 0.927451 0.557843
0.985529 0.927922 0.561020
0.985804 0.928431 0.564235
0.986039 0.928941 0.567412
0.986275 0.929412 0.570588
0.986510 0.929882 0.573765
0.986745 0.930392 0.576941
0.987020 0.930902 0.580157
0.987255 0.931373 0.583333
0.987490 0.931843 0.586510
0.987765 0.932353 0.589725
0.988000 0.932863 0.592902
0.988235 0.933333 0.596078
0.988235 0.933961 0.599137
0.988235 0.934549 0.602196
0.988235 0.935176 0.605255
0.988235 0.935765 0.608314
0.988235 0.936392 0.611412
0.988235 0.937020 0.614471
0.988235 0.937608 0.617529
0.988235 0.938235 0.620588
0.988235 0.938863 0.623647
0.988235 0.939451 0.626706
0.988235 0.940078 0.629765
0.988235 0.940706 0.632863
0.988235 0.941294 0.635922
0.988235 0.941922 0.638980
0.988235 0.942510 0.642039
0.988235 0.943137 0.645098
0.988235 0.943765 0.648157
0.988235 0.944353 0.651216
0.988235 0.944980 0.654275
0.988235 0.945569 0.657333
0.988235 0.946196 0.660431
0.988235 0.946824 0.663490
0.988235 0.947412 0.666549
0.988235 0.948039 0.669608
0.988235 0.948667 0.672667
0.988235 0.949255 0.675725
0.988235 0.949882 0.678784
0.988235 0.950510 0.681882
0.988235 0.951098 0.684941
0.988235 0.951725 0.688000
0.988235 0.952314 0.691059
0.988235 0.952941 0.694118
0.988353 0.953686 0.698902
0.988471 0.954392 0.703686
0.988588 0.955137 0.708471
0.988706 0.955882 0.713255
0.988863 0.956627 0.718000
0.988980 0.957333 0.722784
0.989098 0.958078 0.727569
0.989216 0.958824 0.732353
0.989333 0.959569 0.737137
0.989451 0.960275 0.741922
0.989569 0.961020 0.746706
0.989725 0.961765 0.751451
0.989843 0.962510 0.756235
0.989961 0.963216 0.761020
0.990078 0.963961 0.765804
0.990196 0.964706 0.770588
0.990314 0.965451 0.775373
0.990431 0.966196 0.780157
0.990549 0.966902 0.784941
0.990667 0.967647 0.789725
0.990824 0.968392 0.794471
0.990941 0.969098 0.799255
0.991059 0.969843 0.804039
0.991176 0.970588 0.808824
0.991294 0.971333 0.813608
0.991412 0.972078 0.818392
0.991529 0.972784 0.823176
0.991686 0.973529 0.827922
0.991804 0.974275 0.832706
0.991922 0.974980 0.837490
0.992039 0.975725 0.842275
0.992157 0.976471 0.847059
0.992392 0.977216 0.851843
0.992627 0.977961 0.856627
0.992902 0.978667 0.861412
0.993137 0.979412 0.866196
0.993373 0.980157 0.870941
0.993647 0.980863 0.875725
0.993882 0.981608 0.880510
0.994118 0.982353 0.885294
0.994353 0.983098 0.890078
0.994588 0.983843 0.894863
0.994863 0.984549 0.899647
0.995098 0.985294 0.904392
0.995333 0.986039 0.909176
0.995608 0.986745 0.913961
0.995843 0.987490 0.918745
0.996078 0.988235 0.923529
0.996314 0.988980 0.928314
0.996549 0.989725 0.933098
0.996824 0.990431 0.937882
0.997059 0.991176 0.942667
0.997294 0.991922 0.947412
0.997569 0.992627 0.952196
0.997804 0.993373 0.956980
0.998039 0.994118 0.961765
0.998275 0.994863 0.966549
0.998510 0.995608 0.971333
0.998784 0.996314 0.976118
0.999020 0.997059 0.980902
0.999255 0.997804 0.985647
0.999529 0.998510 0.990431
0.999765 0.999255 0.995216
