1.000000 1.000000 0.650000
1.000000 0.997255 0.650000
1.000000 0.994549 0.650000
1.000000 0.991804 0.650000
1.000000 0.989059 0.650000
1.000000 0.986314 0.650000
1.000000 0.983608 0.650000
1.000000 0.980863 0.650000
1.000000 0.978118 0.650000
1.000000 0.975373 0.650000
1.000000 0.972667 0.650000
1.000000 0.969922 0.650000
1.000000 0.967176 0.650000
1.000000 0.964471 0.650000
1.000000 0.961725 0.650000
1.000000 0.958980 0.650000
1.000000 0.956235 0.650000
1.000000 0.953529 0.650000
1.000000 0.950784 0.650000
1.000000 0.948039 0.650000
1.000000 0.945294 0.650000
1.000000 0.942588 0.650000
1.000000 0.939843 0.650000
1.000000 0.937098 0.650000
1.000000 0.934392 0.650000
1.000000 0.931647 0.650000
1.000000 0.928902 0.650000
1.000000 0.926157 0.650000
1.000000 0.923451 0.650000
1.000000 0.920706 0.650000
1.000000 0.917961 0.650000
1.000000 0.915216 0.650000
1.000000 0.912510 0.650000
1.000000 0.909765 0.650000
1.000000 0.907020 0.650000
1.000000 0.904314 0.650000
1.000000 0.901569 0.650000
1.000000 0.898824 0.650000
1.000000 0.896078 0.650000
1.000000 0.893373 0.650000
1.000000 0.890627 0.650000
1.000000 0.887882 0.650000
1.000000 0.885137 0.650000
1.000000 0.882431 0.650000
1.000000 0.879686 0.650000
1.000000 0.876941 0.650000
1.000000 0.874235 0.650000
1.000000 0.871490 0.650000
1.000000 0.868745 0.650000
1.000000 0.866000 0.650000
1.000000 0.863294 0.650000
1.000000 0.860549 0.650000
1.000000 0.857804 0.650000
1.000000 0.855059 0.650000
1.000000 0.852353 0.650000
1.000000 0.849608 0.650000
1.000000 0.846863 0.650000
1.000000 0.844157 0.650000
1.000000 0.841412 0.650000
1.000000 0.838667 0.650000
1.000000 0.835922 0.650000
1.000000 0.833216 0.650000
1.000000 0.830471 0.650000
1.000000 0.827725 0.650000
1.000000 0.825020 0.650000
1.000000 0.822275 0.650000
1.000000 0.819529 0.650000
1.000000 0.816784 0.650000
1.000000 0.814078 0.650000
1.000000 0.811333 0.650000
1.000000 0.808588 0.650000
1.000000 0.805843 0.650000
1.000000 0.803137 0.650000
1.000000 0.800392 0.650000
1.000000 0.797647 0.650000
1.000000 0.794941 0.650000
1.000000 0.792196 0.650000
1.000000 0.789451 0.650000
1.000000 0.786706 0.650000
1.000000 0.784000 0.650000
1.000000 0.781255 0.650000
1.000000 0.778510 0.650000
1.000000 0.775765 0.650000
1.000000 0.773059 0.650000
1.000000 0.770314 0.650000
1.000000 0.767569 0.650000
1.000000 0.764863 0.650000
1.000000 0.762118 0.650000
1.000000 0.759373 0.650000
1.000000 0.756627 0.650000
1.000000 0.753922 0.650000
1.000000 0.751176 0.650000
1.000000 0.748431 0.650000
1.000000 0.745686 0.650000
1.000000 0.742980 0.650000
1.000000 0.740235 0.650000
1.000000 0.737490 0.650000
1.000000 0.734784 0.650000
1.000000 0.732039 0.650000
1.000000 0.729294 0.650000
1.000000 0.726549 0.650000
1.000000 0.723843 0.650000
1.000000 0.721098 0.650000
1.000000 0.718353 0.650000
1.000000 0.715608 0.650000
1.000000 0.712902 0.650000
1.000000 0.710157 0.650000
1.000000 0.707412 0.650000
1.000000 0.704706 0.650000
1.000000 0.701961 0.650000
1.000000 0.699216 0.650000
1.000000 0.696471 0.650000
1.000000 0.693765 0.650000
1.000000 0.691020 0.650000
1.000000 0.688275 0.650000
1.000000 0.685529 0.650000
1.000000 0.682824 0.650000
1.000000 0.680078 0.650000
1.000000 0.677333 0.650000
1.000000 0.674627 0.650000
1.000000 0.671882 0.650000
1.000000 0.669137 0.650000
1.000000 0.666392 0.650000
1.000000 0.663686 0.650000
1.000000 0.660941 0.650000
1.000000 0.658196 0.650000
1.000000 0.655451 0.650000
1.000000 0.652745 0.650000
1.000000 0.650000 0.650000
1.000000 0.651176 0.653216
1.000000 0.652353 0.656431
1.000000 0.653529 0.659608
1.000000 0.654706 0.662784
1.000000 0.655843 0.665961
1.000000 0.657020 0.669098
1.000000 0.658196 0.672235
1.000000 0.659373 0.675333
1.000000 0.660549 0.678431
1.000000 0.661725 0.681529
1.000000 0.662902 0.684627
1.000000 0.664078 0.687686
1.000000 0.665216 0.690745
1.000000 0.666392 0.693765
1.000000 0.667569 0.696784
1.000000 0.668745 0.699804
1.000000 0.669922 0.702784
1.000000 0.671098 0.705765
1.000000 0.672275 0.708745
1.000000 0.673451 0.711725
1.000000 0.674627 0.714667
1.000000 0.675765 0.717569
1.000000 0.676941 0.720471
1.000000 0.678118 0.723373
1.000000 0.679294 0.726275
1.000000 0.680471 0.729137
1.000000 0.681647 0.732000
1.000000 0.682824 0.734863
1.000000 0.684000 0.737686
1.000000 0.685137 0.740510
1.000000 0.686314 0.743294
1.000000 0.687490 0.746078
1.000000 0.688667 0.748863
1.000000 0.689843 0.751647
1.000000 0.691020 0.754392
1.000000 0.692196 0.757098
1.000000 0.693373 0.759843
1.000000 0.694549 0.762549
1.000000 0.695686 0.765255
1.000000 0.696863 0.767922
1.000000 0.698039 0.770588
1.000000 0.699216 0.773255
1.000000 0.700392 0.775882
1.000000 0.701569 0.778510
1.000000 0.702745 0.781098
1.000000 0.703922 0.783725
1.000000 0.705059 0.786314
1.000000 0.706235 0.788863
1.000000 0.707412 0.791412
1.000000 0.708588 0.793961
1.000000 0.709765 0.796510
1.000000 0.710941 0.799020
1.000000 0.712118 0.801529
1.000000 0.713294 0.804000
1.000000 0.714471 0.806471
1.000000 0.715608 0.808941
1.000000 0.716784 0.811373
1.000000 0.717961 0.813804
1.000000 0.719137 0.816235
1.000000 0.720314 0.818627
1.000000 0.721490 0.821020
1.000000 0.722667 0.823412
1.000000 0.723843 0.825765
1.000000 0.725020 0.828118
1.000000 0.726157 0.830471
1.000000 0.727333 0.832784
1.000000 0.728510 0.835098
1.000000 0.729686 0.837373
1.000000 0.730863 0.839686
1.000000 0.732039 0.841922
1.000000 0.733216 0.844196
1.000000 0.734392 0.846431
1.000000 0.735529 0.848667
1.000000 0.736706 0.850863
1.000000 0.737882 0.853059
1.000000 0.739059 0.855255
1.000000 0.740235 0.857451
1.000000 0.741412 0.859608
1.000000 0.742588 0.861725
1.000000 0.743765 0.863882
1.000000 0.744941 0.866000
1.000000 0.746078 0.868078
1.000000 0.747255 0.870196
1.000000 0.748431 0.872235
1.000000 0.749608 0.874314
1.000000 0.750784 0.876353
1.000000 0.751961 0.878392
1.000000 0.753137 0.880431
1.000000 0.754314 0.882431
1.000000 0.755451 0.884431
1.000000 0.756627 0.886392
1.000000 0.757804 0.888353
1.000000 0.758980 0.890314
1.000000 0.760157 0.892275
1.000000 0.761333 0.894196
1.000000 0.762510 0.896078
1.000000 0.763686 0.898000
1.000000 0.764863 0.899882
1.000000 0.766000 0.901725
1.000000 0.767176 0.903608
1.000000 0.768353 0.905451
1.000000 0.769529 0.907255
1.000000 0.770706 0.909098
1.000000 0.771882 0.910902
1.000000 0.773059 0.912667
1.000000 0.774235 0.914431
1.000000 0.775373 0.916196
1.000000 0.776549 0.917961
1.000000 0.777725 0.919686
1.000000 0.778902 0.921412
1.000000 0.780078 0.923098
1.000000 0.781255 0.924824
1.000000 0.782431 0.926471
1.000000 0.783608 0.928157
1.000000 0.784784 0.929804
1.000000 0.785922 0.931451
1.000000 0.787098 0.933059
1.000000 0.788275 0.934667
1.000000 0.789451 0.936275
1.000000 0.790627 0.937843
1.000000 0.791804 0.939412
1.000000 0.792980 0.940980
1.000000 0.794157 0.942510
1.000000 0.795294 0.944039
1.000000 0.796471 0.945529
1.000000 0.797647 0.947059
1.000000 0.798824 0.948510
