0.266667 0.003922 0.329412
0.266667 0.007829 0.337227
0.270561 0.015631 0.341149
0.270588 0.019567 0.348937
0.274443 0.027321 0.352875
0.274510 0.031294 0.360627
0.274510 0.039031 0.364612
0.274510 0.043031 0.368522
0.278310 0.050741 0.376231
0.278431 0.054769 0.380259
0.278431 0.062431 0.387922
0.278431 0.066494 0.391984
0.278431 0.074141 0.395882
0.282153 0.078231 0.403529
0.282353 0.085851 0.407647
0.282353 0.089969 0.411529
0.282353 0.093867 0.415451
0.282353 0.101431 0.423020
0.282353 0.105604 0.427176
0.282353 0.109514 0.431098
0.282353 0.113420 0.434980
0.282353 0.120929 0.438902
0.282353 0.125157 0.442824
0.282353 0.129055 0.450275
0.282353 0.136514 0.454549
0.282353 0.140792 0.458431
0.282353 0.144702 0.462353
0.282353 0.148608 0.466275
0.282353 0.156012 0.470157
0.282353 0.160337 0.474078
0.278894 0.164243 0.477961
0.278431 0.171596 0.478431
0.278431 0.175980 0.481882
0.278431 0.179886 0.485765
0.278431 0.183796 0.489686
0.275043 0.187702 0.493569
0.274510 0.194973 0.494118
0.274510 0.199431 0.497451
0.274510 0.203337 0.501373
0.271184 0.207247 0.505294
0.270588 0.214467 0.505882
0.270588 0.218984 0.509176
0.267314 0.222882 0.513098
0.266667 0.226788 0.513725
0.266667 0.230698 0.516980
0.263435 0.237839 0.517647
0.262745 0.242435 0.520863
0.259541 0.246341 0.521569
0.258824 0.250243 0.524745
0.258824 0.254149 0.525490
0.255671 0.258055 0.528627
0.254902 0.265102 0.529412
0.251776 0.269792 0.532549
0.250980 0.273702 0.533333
0.247882 0.277608 0.533333
0.247059 0.281510 0.536392
0.243996 0.285416 0.537255
0.243137 0.289322 0.537255
0.243137 0.296263 0.540275
0.240118 0.301059 0.541176
0.239216 0.304969 0.541176
0.236231 0.308867 0.541176
0.235294 0.312773 0.544157
0.232337 0.316682 0.545098
0.231373 0.320588 0.545098
0.228447 0.324494 0.545098
0.227451 0.328404 0.548000
0.224557 0.332306 0.549020
0.223529 0.336208 0.549020
0.220667 0.342980 0.549020
0.219608 0.347945 0.549020
0.216773 0.351855 0.549020
0.215686 0.355761 0.551843
0.212878 0.359671 0.552941
0.211765 0.363573 0.552941
0.208996 0.367475 0.552941
0.207843 0.371384 0.552941
0.205102 0.375290 0.552941
0.203922 0.379200 0.552941
0.201208 0.383106 0.552941
0.200000 0.387008 0.552941
0.197322 0.390914 0.555608
0.196078 0.394824 0.556863
0.193427 0.398745 0.556863
0.192157 0.402627 0.556863
0.192157 0.406549 0.556863
0.189549 0.410471 0.556863
0.188235 0.414353 0.556863
0.185663 0.418275 0.556863
0.184314 0.422157 0.556863
0.181769 0.426078 0.556863
0.180392 0.430000 0.556863
0.180392 0.433882 0.556863
0.177898 0.437804 0.556863
0.176471 0.441686 0.556863
0.174004 0.443137 0.556863
0.172549 0.445569 0.556863
0.172549 0.449490 0.556863
0.170125 0.453412 0.556863
0.168627 0.457294 0.556863
0.166243 0.461216 0.556863
0.164706 0.465098 0.556863
0.164706 0.469020 0.556863
0.162361 0.472941 0.556863
0.160784 0.476824 0.556863
0.160784 0.480745 0.556863
0.158486 0.484667 0.556863
0.156863 0.488549 0.556863
0.154596 0.492471 0.556863
0.152941 0.496353 0.556863
0.152941 0.500275 0.556863
0.150718 0.504196 0.556863
0.149020 0.508078 0.556863
0.149020 0.509804 0.556863
0.146847 0.511961 0.556863
0.145098 0.515882 0.556863
0.145098 0.519804 0.556863
0.142965 0.523686 0.556863
0.141176 0.527608 0.556863
0.139082 0.531490 0.556863
0.137255 0.535412 0.556863
0.137255 0.539333 0.554784
0.135200 0.543216 0.552941
0.133333 0.547137 0.552941
0.133333 0.551059 0.552941
0.131325 0.554941 0.552941
0.129412 0.558863 0.552941
0.129412 0.562745 0.552941
0.129412 0.566667 0.550980
0.127467 0.570588 0.549020
0.125490 0.572549 0.549020
0.125490 0.574471 0.549020
0.123596 0.578353 0.549020
0.121569 0.582275 0.547137
0.121569 0.586196 0.545098
0.121569 0.590078 0.545098
0.121569 0.594000 0.545098
0.121569 0.597922 0.543255
0.121569 0.601804 0.541176
0.119780 0.605725 0.541176
0.117647 0.609608 0.539412
0.117647 0.613529 0.537255
0.119396 0.617451 0.537255
0.121569 0.621333 0.535529
0.121569 0.625255 0.533333
0.121569 0.629137 0.533333
0.121569 0.631373 0.531647
0.121569 0.633059 0.529412
0.123224 0.636941 0.527765
0.125490 0.640863 0.525490
0.127114 0.644745 0.523882
0.129412 0.648667 0.521569
0.131004 0.652588 0.521569
0.133333 0.656471 0.520000
0.134898 0.660392 0.516078
0.138804 0.664314 0.513725
0.142714 0.668196 0.512196
0.145098 0.672118 0.509804
0.146596 0.676000 0.508314
0.150506 0.678431 0.505882
0.154412 0.679922 0.504392
0.158318 0.683804 0.500510
0.162227 0.687725 0.498039
0.167557 0.691608 0.496627
0.173953 0.695529 0.492706
0.177863 0.699412 0.488824
0.181769 0.703333 0.486275
0.187043 0.707255 0.484902
0.193506 0.711137 0.481020
0.198745 0.713725 0.477098
0.205235 0.715020 0.474510
0.210443 0.718941 0.473216
0.216973 0.722863 0.469294
0.222153 0.726745 0.465412
0.228710 0.730667 0.461490
0.233863 0.734588 0.457569
0.241671 0.737255 0.453686
0.248267 0.738471 0.449765
0.253365 0.742353 0.445882
0.261180 0.746275 0.441961
0.268996 0.750196 0.438039
0.276812 0.754078 0.434157
0.284624 0.756863 0.430235
0.292424 0.757961 0.426353
0.300239 0.761882 0.422431
0.308055 0.765804 0.418510
0.315871 0.769686 0.414627
0.323686 0.772549 0.410706
0.331502 0.773608 0.406784
0.339314 0.777490 0.401882
0.347114 0.781412 0.395059
0.354929 0.784314 0.391161
0.362745 0.785294 0.387255
0.370561 0.789216 0.382380
0.379329 0.793098 0.375518
0.390110 0.796078 0.371612
0.397922 0.796980 0.366796
0.405725 0.800902 0.359882
0.414431 0.803922 0.355976
0.425294 0.804784 0.351192
0.433098 0.808706 0.344239
0.441765 0.812627 0.340333
0.452627 0.815686 0.335608
0.460431 0.816510 0.328604
0.469059 0.819608 0.323898
0.480000 0.820392 0.316867
0.488588 0.824314 0.312188
0.499529 0.827451 0.305129
0.508078 0.828196 0.300482
0.519098 0.832078 0.292686
0.527608 0.835294 0.285573
0.538627 0.836000 0.280976
0.547137 0.839216 0.273835
0.558196 0.839882 0.269267
0.566627 0.843137 0.261451
0.577725 0.843765 0.254278
0.586157 0.847059 0.249761
0.597882 0.847647 0.241945
0.609020 0.850980 0.234710
0.617412 0.851569 0.230235
0.628549 0.854902 0.222424
0.636902 0.855451 0.215153
0.648627 0.858824 0.210729
0.659843 0.859333 0.202914
0.668157 0.862745 0.195098
0.679843 0.863216 0.187761
0.691137 0.866667 0.183388
0.699373 0.867098 0.175576
0.711098 0.870588 0.167776
0.722392 0.870588 0.160373
0.730588 0.870980 0.156067
0.742314 0.874510 0.148635
0.753686 0.874510 0.144357
0.761843 0.874863 0.136545
0.773529 0.878431 0.129078
0.784941 0.878745 0.125173
0.793059 0.882353 0.120957
0.804784 0.882353 0.113435
0.816235 0.882627 0.109525
0.824314 0.886275 0.105620
0.836039 0.886275 0.101710
0.847529 0.886510 0.098039
0.855529 0.890196 0.097827
0.867059 0.890196 0.094118
0.875059 0.890392 0.094118
0.886784 0.894118 0.094290
0.898353 0.894118 0.098039
0.906275 0.894235 0.098173
0.917882 0.898039 0.102082
0.925804 0.898039 0.105988
0.937451 0.898039 0.109898
0.945333 0.898118 0.113804
0.956980 0.901961 0.117776
0.964784 0.901961 0.125533
0.972627 0.902000 0.129467
0.984353 0.905882 0.137282
