0.666667 0.000000 0.000000
0.678392 0.000000 0.000000
0.690118 0.000000 0.000000
0.701804 0.000000 0.000000
0.713529 0.000000 0.000000
0.725255 0.000000 0.000000
0.736980 0.000000 0.000000
0.748706 0.000000 0.000000
0.760431 0.000000 0.000000
0.772118 0.000000 0.000000
0.783843 0.000000 0.000000
0.795569 0.000000 0.000000
0.807294 0.000000 0.000000
0.819020 0.000000 0.000000
0.830745 0.000000 0.000000
0.842431 0.000000 0.000000
0.854157 0.000000 0.000000
0.865882 0.000000 0.000000
0.877608 0.000000 0.000000
0.889333 0.000000 0.000000
0.901059 0.000000 0.000000
0.912745 0.000000 0.000000
0.924471 0.000000 0.000000
0.936196 0.000000 0.000000
0.947922 0.000000 0.000000
0.959647 0.000000 0.000000
0.971373 0.000000 0.000000
0.983059 0.000000 0.000000
0.994784 0.000000 0.000000
1.000000 0.006511 0.000000
1.000000 0.018229 0.000000
1.000000 0.029948 0.000000
1.000000 0.041667 0.000000
1.000000 0.053384 0.000000
1.000000 0.065106 0.000000
1.000000 0.076824 0.000000
1.000000 0.088541 0.000000
1.000000 0.100259 0.000000
1.000000 0.111980 0.000000
1.000000 0.123698 0.000000
1.000000 0.135416 0.000000
1.000000 0.147137 0.000000
1.000000 0.158855 0.000000
1.000000 0.170573 0.000000
1.000000 0.182290 0.000000
1.000000 0.194012 0.000000
1.000000 0.205729 0.000000
1.000000 0.217447 0.000000
1.000000 0.229169 0.000000
1.000000 0.240886 0.000000
1.000000 0.252604 0.000000
1.000000 0.264322 0.000000
1.000000 0.276043 0.000000
1.000000 0.287761 0.000000
1.000000 0.299478 0.000000
1.000000 0.311196 0.000000
1.000000 0.322918 0.000000
1.000000 0.334635 0.000000
1.000000 0.346353 0.000000
1.000000 0.358075 0.000000
1.000000 0.369792 0.000000
1.000000 0.381510 0.000000
1.000000 0.393216 0.000000
1.000000 0.404941 0.000000
1.000000 0.416667 0.000000
1.000000 0.428392 0.000000
1.000000 0.440118 0.000000
1.000000 0.451804 0.000000
1.000000 0.463529 0.000000
1.000000 0.475255 0.000000
1.000000 0.486980 0.000000
1.000000 0.498706 0.000000
1.000000 0.510431 0.000000
1.000000 0.522118 0.000000
1.000000 0.533843 0.000000
1.000000 0.545569 0.000000
1.000000 0.557294 0.000000
1.000000 0.569020 0.000000
1.000000 0.580745 0.000000
1.000000 0.592431 0.000000
1.000000 0.604157 0.000000
1.000000 0.615882 0.000000
1.000000 0.627608 0.000000
1.000000 0.639333 0.000000
1.000000 0.651059 0.000000
1.000000 0.662745 0.000000
1.000000 0.674471 0.000000
1.000000 0.686196 0.000000
1.000000 0.697922 0.000000
1.000000 0.709647 0.000000
1.000000 0.721373 0.000000
1.000000 0.733059 0.000000
1.000000 0.744784 0.000000
1.000000 0.756510 0.000000
1.000000 0.768235 0.000000
1.000000 0.779961 0.000000
1.000000 0.791686 0.000000
1.000000 0.803373 0.000000
1.000000 0.815098 0.000000
1.000000 0.826824 0.000000
1.000000 0.838549 0.000000
1.000000 0.850275 0.000000
1.000000 0.861961 0.000000
1.000000 0.873686 0.000000
1.000000 0.885412 0.000000
1.000000 0.897137 0.000000
1.000000 0.908863 0.000000
1.000000 0.920588 0.000000
1.000000 0.932275 0.000000
1.000000 0.944000 0.000000
1.000000 0.955725 0.000000
1.000000 0.967451 0.000000
1.000000 0.979176 0.000000
1.000000 0.990902 0.000000
1.000000 1.000000 0.000000
1.000000 1.000000 0.000000
1.000000 1.000000 0.000000
1.000000 1.000000 0.000000
1.000000 1.000000 0.000000
1.000000 1.000000 0.000000
1.000000 1.000000 0.000000
1.000000 1.000000 0.000000
1.000000 1.000000 0.000000
1.000000 1.000000 0.000000
1.000000 1.000000 0.000000
1.000000 1.000000 0.000000
1.000000 1.000000 0.000000
1.000000 1.000000 0.000000
1.000000 1.000000 0.000000
1.000000 1.000000 0.000000
1.000000 1.000000 0.000000
1.000000 1.000000 0.000000
1.000000 1.000000 0.000000
1.000000 1.000000 0.000000
1.000000 1.000000 0.000000
1.000000 1.000000 0.000000
1.000000 1.000000 0.000000
1.000000 1.000000 0.000000
1.000000 1.000000 0.000000
1.000000 1.000000 0.000000
1.000000 1.000000 0.000000
1.000000 1.000000 0.000000
1.000000 1.000000 0.000000
0.982314 1.000000 0.003217
0.959569 1.000000 0.007353
0.936824 1.000000 0.011489
0.914078 1.000000 0.015625
0.891333 1.000000 0.019761
0.868549 1.000000 0.023897
0.845804 1.000000 0.028033
0.823059 1.000000 0.032169
0.800314 1.000000 0.036305
0.777569 1.000000 0.040439
0.754824 1.000000 0.044576
0.732078 1.000000 0.048714
0.709333 1.000000 0.052851
0.686588 1.000000 0.056984
0.663843 1.000000 0.061122
0.641098 1.000000 0.065259
0.618353 1.000000 0.069392
0.595608 1.000000 0.073529
0.572824 1.000000 0.077667
0.550078 1.000000 0.081800
0.527333 1.000000 0.085937
0.504588 1.000000 0.090075
0.481843 1.000000 0.094208
0.459098 1.000000 0.098345
0.436353 1.000000 0.102482
0.413608 1.000000 0.106616
0.390855 1.000000 0.110753
0.368106 1.000000 0.114890
0.348804 0.999294 0.121322
0.336396 0.997255 0.132353
0.323988 0.995176 0.143380
0.311580 0.993098 0.154412
0.299173 0.991020 0.165439
0.286765 0.988980 0.176471
0.274357 0.986902 0.187498
0.261949 0.984824 0.198529
0.249541 0.982784 0.209557
0.237133 0.980706 0.220588
0.224725 0.978627 0.231616
0.212318 0.976549 0.242647
0.199910 0.974510 0.253675
0.187502 0.972431 0.264706
0.175090 0.970353 0.275733
0.162682 0.968275 0.286765
0.150275 0.966235 0.297792
0.137867 0.964157 0.308824
0.125459 0.962078 0.319851
0.113051 0.960000 0.330882
0.100643 0.957961 0.341910
0.088235 0.955882 0.352941
0.075827 0.953804 0.363969
0.063420 0.951765 0.375000
0.051012 0.949686 0.386027
0.038603 0.947608 0.397059
0.026195 0.945529 0.408078
0.013787 0.943490 0.419098
0.001379 0.941412 0.430157
0.000000 0.921569 0.449137
0.000000 0.899529 0.469137
0.000000 0.877451 0.489137
0.000000 0.855412 0.509098
0.000000 0.833333 0.529098
0.000000 0.811294 0.549098
0.000000 0.789216 0.569098
0.000000 0.767176 0.589059
0.000000 0.745098 0.609059
0.000000 0.723059 0.629059
0.000000 0.700980 0.649059
0.000000 0.678941 0.669059
0.000000 0.656863 0.689020
0.000000 0.634824 0.709020
0.000000 0.612745 0.729020
0.000000 0.590706 0.749020
0.000000 0.568627 0.768980
0.000000 0.546588 0.788980
0.000000 0.524510 0.808980
0.000000 0.502471 0.828980
0.000000 0.480392 0.848941
0.000000 0.458353 0.868941
0.000000 0.436275 0.888941
0.000000 0.414235 0.908941
0.000000 0.392157 0.928902
0.000000 0.370098 0.948902
0.000000 0.348039 0.968902
0.000000 0.325980 0.988902
0.000000 0.308824 0.996941
0.000000 0.297796 0.990039
0.000000 0.286765 0.983137
0.000000 0.275737 0.976275
0.000000 0.264706 0.969373
0.000000 0.253678 0.962471
0.000000 0.242647 0.955569
0.000000 0.231620 0.948667
0.000000 0.220588 0.941804
0.000000 0.209561 0.934902
0.000000 0.198529 0.928000
0.000000 0.187502 0.921098
0.000000 0.176471 0.914235
0.000000 0.165443 0.907333
0.000000 0.154412 0.900431
0.000000 0.143384 0.893529
0.000000 0.132353 0.886627
0.000000 0.121325 0.879765
0.000000 0.110294 0.872863
0.000000 0.099267 0.865961
0.000000 0.088235 0.859059
0.000000 0.077208 0.852157
0.000000 0.066176 0.845294
0.000000 0.055149 0.838392
0.000000 0.044118 0.831490
0.000000 0.033088 0.824588
0.000000 0.022059 0.817725
0.000000 0.011029 0.810824
