0.200000 0.400000 0.000000
0.200000 0.556235 0.156251
0.200000 0.712510 0.312502
0.291667 0.816157 0.429647
0.500000 0.852941 0.497059
0.708314 0.889725 0.564471
0.763882 0.890510 0.590078
0.798627 0.886431 0.610000
0.833333 0.882353 0.629882
0.868039 0.878275 0.649804
0.902784 0.874196 0.669725
0.937490 0.870118 0.689647
0.972235 0.866000 0.709569
0.999255 0.861647 0.722549
0.995608 0.856118 0.707843
0.991922 0.850627 0.693137
0.988235 0.845098 0.678431
0.984549 0.839569 0.663725
0.980863 0.834078 0.649020
0.977216 0.828549 0.634314
0.973529 0.823059 0.619608
0.969843 0.817529 0.604902
0.966196 0.812000 0.590196
0.962510 0.806510 0.575490
0.958824 0.800980 0.560784
0.955137 0.795451 0.546078
0.951333 0.789961 0.531255
0.947373 0.784431 0.516235
0.943373 0.778902 0.501216
0.939412 0.773412 0.486196
0.935412 0.767882 0.471216
0.931451 0.762392 0.456196
0.927451 0.756863 0.441176
0.923451 0.751333 0.426157
0.919490 0.745843 0.411137
0.915490 0.740314 0.396157
0.911529 0.734784 0.381129
0.907529 0.729294 0.366114
0.903569 0.723765 0.351102
0.899569 0.718275 0.336090
0.895608 0.712745 0.321078
0.891608 0.707216 0.306067
0.887608 0.701725 0.291055
0.883647 0.696196 0.276043
0.879647 0.690667 0.261027
0.875686 0.685176 0.246016
0.871686 0.679647 0.231004
0.867725 0.674157 0.215992
0.863725 0.668627 0.200980
0.859725 0.663098 0.185969
0.855765 0.657608 0.170957
0.851765 0.652078 0.155945
0.838980 0.648039 0.150980
0.823961 0.644353 0.148529
0.808941 0.640706 0.146078
0.793922 0.637020 0.143627
0.778902 0.633333 0.141176
0.763922 0.629647 0.138725
0.748902 0.625961 0.136275
0.733882 0.622314 0.133824
0.718863 0.618627 0.131373
0.703843 0.614941 0.128922
0.688863 0.611255 0.126471
0.673843 0.607608 0.124020
0.658824 0.603922 0.121569
0.657608 0.600863 0.119729
0.656392 0.597804 0.117890
0.655137 0.594745 0.116055
0.653922 0.591686 0.114216
0.652706 0.588588 0.112376
0.651451 0.585529 0.110541
0.650235 0.582471 0.108702
0.649020 0.579412 0.106863
0.647804 0.576353 0.105024
0.646588 0.573294 0.103184
0.645333 0.570235 0.101349
0.644118 0.567137 0.099510
0.643020 0.564078 0.097671
0.642392 0.561020 0.095831
0.641804 0.557961 0.093996
0.641176 0.554902 0.092157
0.640549 0.551843 0.090318
0.639961 0.548784 0.088478
0.639333 0.545725 0.086643
0.638745 0.542667 0.084804
0.638118 0.539569 0.082965
0.637490 0.536510 0.081125
0.636902 0.533451 0.079290
0.636275 0.530392 0.077451
0.635647 0.527333 0.075612
0.634941 0.524157 0.073773
0.634000 0.520784 0.071937
0.633098 0.517412 0.070098
0.632157 0.514039 0.068259
0.631255 0.510667 0.066424
0.630314 0.507294 0.064584
0.629412 0.503922 0.062745
0.628510 0.500549 0.060906
0.627569 0.497176 0.059071
0.626667 0.493804 0.057231
0.625725 0.490431 0.055392
0.624824 0.487059 0.053553
0.623882 0.483686 0.051718
0.622980 0.480510 0.049878
0.622039 0.477451 0.048039
0.621137 0.474392 0.046200
0.620235 0.471333 0.044365
0.619294 0.468275 0.042525
0.618392 0.465176 0.040686
0.617451 0.462118 0.038848
0.616549 0.459059 0.037010
0.615608 0.456000 0.035172
0.614706 0.452941 0.033333
0.613804 0.449882 0.031495
0.612863 0.446824 0.029657
0.611961 0.443765 0.027819
0.611020 0.440431 0.025735
0.610118 0.437059 0.023591
0.609176 0.433686 0.021446
0.608275 0.430314 0.019302
0.607373 0.426980 0.017157
0.606431 0.423608 0.015012
0.605529 0.420235 0.012868
0.604588 0.416863 0.010723
0.603686 0.413490 0.008578
0.602745 0.410118 0.006434
0.601843 0.406745 0.004289
0.600902 0.403373 0.002145
0.600000 0.400000 0.000000
0.602745 0.396000 0.027267
0.605529 0.392035 0.054533
0.608275 0.388051 0.081800
0.611020 0.384071 0.109067
0.613804 0.380086 0.136337
0.616549 0.376102 0.163604
0.619294 0.372122 0.190871
0.622039 0.368137 0.218137
0.624824 0.364153 0.245404
0.627569 0.360173 0.272671
0.630314 0.356188 0.299937
0.633098 0.352204 0.327204
0.636275 0.350796 0.350796
0.641176 0.359682 0.359682
0.646078 0.368565 0.368565
0.650980 0.377451 0.377451
0.655882 0.386337 0.386337
0.660784 0.395216 0.395216
0.665686 0.404118 0.404118
0.670588 0.412980 0.412980
0.675490 0.421882 0.421882
0.680392 0.430745 0.430745
0.685294 0.439647 0.439647
0.690196 0.448549 0.448549
0.695098 0.457412 0.457412
0.698667 0.466314 0.466314
0.700196 0.475176 0.475176
0.701725 0.484078 0.484078
0.703255 0.492941 0.492941
0.704784 0.501843 0.501843
0.706314 0.510706 0.510706
0.707843 0.519608 0.519608
0.709373 0.528510 0.528510
0.710902 0.537373 0.537373
0.712431 0.546275 0.546275
0.713961 0.555137 0.555137
0.715490 0.564039 0.564039
0.717020 0.572902 0.572902
0.719686 0.581804 0.581804
0.723059 0.590667 0.590667
0.726392 0.599569 0.599569
0.729765 0.608471 0.608471
0.733137 0.617333 0.617333
0.736510 0.626235 0.626235
0.739882 0.635098 0.635098
0.743255 0.644000 0.644000
0.746627 0.652863 0.652863
0.750000 0.661765 0.661765
0.753373 0.670667 0.670667
0.756745 0.679529 0.679529
0.760118 0.688431 0.688431
0.763216 0.697059 0.697059
0.766314 0.705647 0.705647
0.769373 0.714235 0.714235
0.772431 0.722784 0.722784
0.775490 0.731373 0.731373
0.778549 0.739961 0.739961
0.781608 0.748549 0.748549
0.784667 0.757098 0.757098
0.787765 0.765686 0.765686
0.790824 0.774275 0.774275
0.793882 0.782863 0.782863
0.796941 0.791412 0.791412
0.800000 0.800000 0.800000
0.807647 0.807647 0.807647
0.815333 0.815333 0.815333
0.822980 0.822980 0.822980
0.830627 0.830627 0.830627
0.838314 0.838314 0.838314
0.845961 0.845961 0.845961
0.853608 0.853608 0.853608
0.861255 0.861255 0.861255
0.868941 0.868941 0.868941
0.876588 0.876588 0.876588
0.884235 0.884235 0.884235
0.891922 0.891922 0.891922
0.898824 0.898824 0.898824
0.902824 0.902824 0.902824
0.906784 0.906784 0.906784
0.910784 0.910784 0.910784
0.914784 0.914784 0.914784
0.918745 0.918745 0.918745
0.922745 0.922745 0.922745
0.926706 0.926706 0.926706
0.930706 0.930706 0.930706
0.934667 0.934667 0.934667
0.938667 0.938667 0.938667
0.942667 0.942667 0.942667
0.946627 0.946627 0.946627
0.950627 0.950627 0.950627
0.954588 0.954588 0.954588
0.958588 0.958588 0.958588
0.962549 0.962549 0.962549
0.966549 0.966549 0.966549
0.970510 0.970510 0.970510
0.974510 0.974510 0.974510
0.978510 0.978510 0.978510
0.982471 0.982471 0.982471
0.986471 0.986471 0.986471
0.990431 0.990431 0.990431
0.994431 0.994431 0.994431
0.998392 0.998392 0.998392
1.000000 1.000000 1.000000
1.000000 1.000000 1.000000
1.000000 1.000000 1.000000
1.000000 1.000000 1.000000
1.000000 1.000000 1.000000
1.000000 1.000000 1.000000
1.000000 1.000000 1.000000
1.000000 1.000000 1.000000
1.000000 1.000000 1.000000
1.000000 1.000000 1.000000
1.000000 1.000000 1.000000
1.000000 1.000000 1.000000
1.000000 1.000000 1.000000
1.000000 1.000000 1.000000
1.000000 1.000000 1.000000
1.000000 1.000000 1.000000
1.000000 1.000000 1.000000
1.000000 1.000000 1.000000
1.000000 1.000000 1.000000
1.000000 1.000000 1.000000
1.000000 1.000000 1.000000
1.000000 1.000000 1.000000
1.000000 1.000000 1.000000
1.000000 1.000000 1.000000
1.000000 1.000000 1.000000
