0.000000 0.000000 0.015686
0.003908 0.000000 0.019594
0.003922 0.003894 0.023502
0.003922 0.003922 0.031290
0.007778 0.003922 0.039086
0.007843 0.007764 0.046902
0.007843 0.007843 0.054718
0.011658 0.007843 0.062533
0.015566 0.011645 0.070349
0.015686 0.011765 0.078165
0.019451 0.015529 0.089725
0.023358 0.015686 0.097698
0.027266 0.019423 0.105514
0.031174 0.019608 0.113329
0.035082 0.023317 0.121145
0.038989 0.027225 0.132655
0.042886 0.027451 0.140678
0.046796 0.031109 0.148490
0.050702 0.031373 0.159953
0.054612 0.035003 0.168043
0.062133 0.035294 0.175859
0.066349 0.038897 0.187278
0.070255 0.039216 0.195412
0.077722 0.042780 0.203212
0.081984 0.043137 0.214576
0.085890 0.043137 0.222761
0.093322 0.046663 0.234102
0.097627 0.047059 0.242314
0.105031 0.047059 0.253627
0.109357 0.047059 0.261851
0.116722 0.047059 0.269663
0.121094 0.047059 0.280925
0.128431 0.047059 0.289216
0.136247 0.047059 0.297031
0.140659 0.047059 0.308251
0.147957 0.047059 0.316584
0.155757 0.043690 0.324384
0.160216 0.043137 0.332196
0.167463 0.043137 0.340012
0.175278 0.043137 0.347827
0.183094 0.039827 0.355643
0.190910 0.039216 0.360161
0.195431 0.039216 0.367333
0.202600 0.039216 0.371886
0.210416 0.035969 0.379043
0.218231 0.035294 0.383624
0.222827 0.035294 0.387533
0.229941 0.035294 0.391439
0.237737 0.035294 0.395333
0.242384 0.035294 0.399255
0.249443 0.038448 0.403137
0.257259 0.039216 0.407059
0.265075 0.039216 0.407843
0.269780 0.039216 0.410941
0.276784 0.042314 0.414863
0.284584 0.043137 0.415686
0.289337 0.046200 0.418745
0.296290 0.047059 0.419608
0.301075 0.050094 0.422627
0.308000 0.050980 0.423529
0.315816 0.053988 0.423529
0.320631 0.054902 0.426510
0.327506 0.057871 0.427451
0.332369 0.058824 0.427451
0.339216 0.061765 0.430392
0.347031 0.062745 0.431373
0.351933 0.065659 0.431373
0.358725 0.069561 0.431373
0.363659 0.070588 0.431373
0.370431 0.073451 0.431373
0.378247 0.074510 0.431373
0.383227 0.077345 0.431373
0.389957 0.081251 0.431373
0.394980 0.082353 0.431373
0.401647 0.085141 0.431373
0.409451 0.086275 0.431373
0.414510 0.089031 0.431373
0.421176 0.092937 0.431373
0.426275 0.094118 0.431373
0.432863 0.096831 0.431373
0.440667 0.098039 0.431373
0.445804 0.100718 0.431373
0.452392 0.101961 0.431373
0.457569 0.104612 0.431373
0.464078 0.108518 0.428745
0.469294 0.109804 0.427451
0.475804 0.112412 0.427451
0.483608 0.113725 0.427451
0.488863 0.116298 0.427451
0.495294 0.117647 0.424902
0.500588 0.120192 0.423529
0.507020 0.124098 0.423529
0.514824 0.125490 0.421020
0.520157 0.127984 0.419608
0.526510 0.129412 0.419608
0.531882 0.131878 0.417137
0.538235 0.133333 0.415686
0.546039 0.135769 0.413255
0.551451 0.137255 0.411765
0.557765 0.139659 0.411765
0.563176 0.143561 0.409373
0.569451 0.145098 0.407843
0.574902 0.147455 0.405490
0.581176 0.149020 0.403922
0.588980 0.151349 0.401608
0.594471 0.152941 0.400000
0.600667 0.155239 0.397686
0.606196 0.159141 0.393804
0.612392 0.160784 0.392157
0.620196 0.163035 0.389906
0.625765 0.164706 0.388235
0.631882 0.166929 0.386012
0.637490 0.170831 0.382110
0.643608 0.172549 0.378204
0.649216 0.174722 0.376471
0.655294 0.178631 0.374310
0.660980 0.180392 0.370404
0.667020 0.182525 0.368627
0.674824 0.186427 0.366514
0.680510 0.188235 0.362612
0.686510 0.190318 0.358702
0.692275 0.194224 0.354796
0.698235 0.196078 0.352941
0.704000 0.198118 0.350902
0.709922 0.202027 0.346992
0.715725 0.205929 0.343090
0.721608 0.207843 0.339188
0.727451 0.209820 0.335278
0.733333 0.213725 0.331373
0.739216 0.217631 0.327467
0.745059 0.221541 0.323557
0.750941 0.225443 0.319655
0.754824 0.227451 0.315753
0.760627 0.229333 0.311843
0.766588 0.233239 0.307937
0.772353 0.237149 0.304027
0.778314 0.241055 0.300122
0.782235 0.244965 0.296212
0.787922 0.248867 0.292310
0.793961 0.252769 0.288408
0.797843 0.256678 0.284498
0.803529 0.260584 0.280592
0.809608 0.264494 0.276682
0.813490 0.268400 0.272776
0.819137 0.272306 0.268871
0.825216 0.276208 0.264969
0.829137 0.280114 0.261063
0.833059 0.285690 0.257153
0.838588 0.291851 0.251592
0.844784 0.295761 0.245416
0.848667 0.299663 0.241514
0.852588 0.303565 0.237612
0.856510 0.309063 0.233702
0.861961 0.315302 0.229796
0.868235 0.319212 0.224325
0.872157 0.323118 0.218059
0.876039 0.328561 0.214149
0.879961 0.334851 0.210247
0.883843 0.338753 0.206345
0.887765 0.344145 0.202435
0.891647 0.350490 0.197059
0.895569 0.355855 0.190702
0.899490 0.362227 0.186792
0.903373 0.366133 0.182886
0.907294 0.371439 0.178988
0.911176 0.377863 0.173686
0.915098 0.383149 0.167251
0.919020 0.389600 0.163341
0.921569 0.394863 0.159435
0.922902 0.401333 0.154196
0.926784 0.406549 0.147706
0.930706 0.413059 0.143800
0.934627 0.418275 0.139890
0.937255 0.426078 0.134710
0.938510 0.432627 0.128153
0.942431 0.437765 0.124247
0.945098 0.445608 0.119114
0.946314 0.452196 0.112518
0.950196 0.457294 0.108612
0.952941 0.465098 0.103525
0.954118 0.471765 0.096875
0.958000 0.476824 0.092965
0.960784 0.484627 0.087925
0.961882 0.491294 0.081239
0.964706 0.496314 0.077329
0.965804 0.504118 0.073424
0.968627 0.511961 0.068443
0.969686 0.518706 0.061686
0.972549 0.523647 0.057776
0.972549 0.531451 0.052843
0.973569 0.539255 0.046051
0.976471 0.546078 0.042141
0.976471 0.550980 0.038235
0.977451 0.558784 0.034327
0.980392 0.566627 0.030420
0.980392 0.574431 0.027451
0.981294 0.582235 0.026536
0.984314 0.589137 0.023529
0.984314 0.593922 0.023529
0.984314 0.601765 0.023529
0.984314 0.609569 0.024390
0.985176 0.617373 0.027451
0.988235 0.625176 0.028274
0.988235 0.632980 0.032182
0.988235 0.640824 0.036089
0.988235 0.647843 0.040780
0.988235 0.652510 0.047827
0.988235 0.660314 0.052490
0.988235 0.668157 0.060302
0.988235 0.675961 0.067384
0.988235 0.683765 0.071992
0.988235 0.691569 0.079808
0.988235 0.699373 0.087624
0.987569 0.707216 0.095439
0.984314 0.715020 0.103898
0.984314 0.722824 0.114973
0.984314 0.730627 0.122788
0.984314 0.738431 0.130604
0.983725 0.746275 0.139004
0.980392 0.754078 0.150157
0.980392 0.761882 0.157969
0.980392 0.769686 0.166302
0.979882 0.776980 0.177506
0.976471 0.781412 0.185827
0.976471 0.789216 0.197549
0.976000 0.797020 0.208796
0.972549 0.804863 0.217075
0.972118 0.812667 0.228796
0.968627 0.820471 0.240490
0.968235 0.828275 0.252216
0.964706 0.836078 0.263937
0.964314 0.843922 0.275663
0.960784 0.851725 0.287384
0.960431 0.859529 0.299106
0.956863 0.867333 0.311133
0.956863 0.875137 0.326447
0.956549 0.882980 0.338475
0.952941 0.890784 0.353816
0.952667 0.898314 0.365816
0.949020 0.902471 0.381447
0.949020 0.910314 0.397059
0.948784 0.918118 0.412667
0.945098 0.925686 0.428314
0.945098 0.929804 0.443922
0.945098 0.937608 0.459569
0.945255 0.945255 0.475176
0.949020 0.949333 0.490980
0.949137 0.956980 0.510353
0.952941 0.960902 0.525961
0.953059 0.964902 0.541608
0.956941 0.972627 0.557216
0.960863 0.976549 0.572863
0.964824 0.980471 0.588510
0.972588 0.984353 0.604039
0.976510 0.988275 0.615804
0.980431 0.992196 0.631412
