0.000000 0.000000 0.000000
0.003906 0.000000 0.003906
0.011704 0.003891 0.011704
0.015640 0.003922 0.015640
0.023407 0.007782 0.023407
0.031219 0.007843 0.031219
0.035202 0.011673 0.035202
0.039109 0.015579 0.042922
0.046816 0.015686 0.050737
0.050843 0.019470 0.058549
0.054749 0.023376 0.066361
0.058655 0.023529 0.074173
0.066298 0.027267 0.081984
0.070388 0.031173 0.089796
0.074294 0.035080 0.097612
0.078200 0.038986 0.105424
0.078431 0.042894 0.113235
0.082094 0.043137 0.121047
0.086000 0.046784 0.128859
0.089906 0.050690 0.136675
0.090196 0.054596 0.144486
0.093796 0.058502 0.152298
0.094118 0.065992 0.160110
0.097686 0.070235 0.167922
0.098039 0.074141 0.175737
0.098039 0.078047 0.183549
0.101561 0.081953 0.187835
0.101961 0.085863 0.195251
0.101961 0.093259 0.203063
0.101961 0.097596 0.210875
0.101961 0.101502 0.218690
0.101961 0.108855 0.223055
0.101961 0.113235 0.230392
0.101961 0.120557 0.234788
0.101961 0.124969 0.242094
0.101961 0.132263 0.246522
0.101961 0.136702 0.253800
0.098608 0.143965 0.258255
0.098039 0.148439 0.262165
0.098039 0.155667 0.269392
0.098039 0.160173 0.273898
0.094745 0.167373 0.277804
0.094118 0.175184 0.281710
0.094118 0.179733 0.285616
0.090871 0.186886 0.289522
0.090196 0.194698 0.290196
0.090196 0.202514 0.293412
0.090196 0.207122 0.297318
0.087012 0.214216 0.298039
0.086275 0.222027 0.301212
0.086275 0.226686 0.301961
0.083133 0.233733 0.301961
0.082353 0.241545 0.305086
0.082353 0.249357 0.305882
0.082353 0.257169 0.305882
0.082353 0.261902 0.305882
0.082353 0.268875 0.305882
0.079306 0.276686 0.305882
0.078431 0.284498 0.305882
0.078431 0.289294 0.302863
0.081435 0.296200 0.301961
0.082353 0.304012 0.301961
0.082353 0.308855 0.298988
0.082353 0.315718 0.298039
0.082353 0.323529 0.295098
0.085278 0.328416 0.294118
0.086275 0.335231 0.291208
0.086275 0.343047 0.287302
0.089153 0.347976 0.286275
0.090196 0.354749 0.283412
0.093047 0.359714 0.279502
0.096953 0.366451 0.275596
0.100859 0.371447 0.271690
0.104765 0.378157 0.267784
0.105882 0.383180 0.263878
0.108655 0.387086 0.259973
0.115318 0.393765 0.258824
0.120388 0.398824 0.256082
0.124294 0.402745 0.252176
0.128200 0.406627 0.248271
0.134804 0.413216 0.241667
0.139937 0.418353 0.236533
0.146506 0.422275 0.232627
0.151671 0.426196 0.228722
0.158212 0.430078 0.227451
0.166024 0.434000 0.224831
0.173835 0.437882 0.220925
0.181647 0.441804 0.217020
0.189459 0.445725 0.213114
0.197275 0.447059 0.209208
0.205086 0.449608 0.205302
0.212898 0.453490 0.201392
0.220710 0.454902 0.200000
0.231020 0.457412 0.197502
0.240259 0.461294 0.193596
0.250537 0.462745 0.192157
0.259804 0.465216 0.189706
0.270051 0.466667 0.188235
0.279349 0.469098 0.185816
0.289569 0.470588 0.184314
0.301286 0.470588 0.184314
0.313004 0.472980 0.181941
0.322365 0.474510 0.180392
0.332522 0.474510 0.180392
0.344239 0.474510 0.180392
0.355961 0.476824 0.180392
0.367678 0.478431 0.182690
0.379396 0.478431 0.184314
0.391114 0.478431 0.184314
0.402824 0.478431 0.186565
0.414549 0.478431 0.188235
0.426275 0.478431 0.190455
0.438000 0.478431 0.194361
0.449725 0.478431 0.196078
0.463608 0.478431 0.198255
0.477059 0.478431 0.202161
0.488784 0.478431 0.206067
0.500510 0.478431 0.212102
0.512235 0.478431 0.217800
0.523961 0.478431 0.221706
0.535647 0.476353 0.227694
0.547373 0.474510 0.233439
0.559098 0.474510 0.239400
0.570824 0.474510 0.247212
0.582549 0.474510 0.253004
0.594275 0.474510 0.258914
0.604000 0.474510 0.266729
0.613765 0.474510 0.274541
0.625490 0.474510 0.284314
0.637216 0.472549 0.294086
0.646980 0.470588 0.301898
0.656706 0.470588 0.311627
0.666549 0.470588 0.321447
0.676235 0.470588 0.331141
0.686078 0.470588 0.340992
0.693922 0.470588 0.350659
0.703569 0.470588 0.362376
0.713451 0.470588 0.372275
0.721255 0.470588 0.381894
0.729059 0.472392 0.393608
0.736902 0.474510 0.405333
0.744706 0.474510 0.417059
0.752510 0.474510 0.428784
0.758588 0.474510 0.440471
0.764235 0.476235 0.452196
0.772039 0.478431 0.463922
0.778157 0.478431 0.477333
0.783725 0.480118 0.491294
0.789882 0.482353 0.503020
0.793804 0.484000 0.514706
0.797686 0.486275 0.526431
0.801608 0.487882 0.539765
0.805529 0.490196 0.553804
0.809412 0.491765 0.565529
0.813333 0.495686 0.577255
0.817216 0.498039 0.590510
0.819608 0.499569 0.604588
0.821137 0.503490 0.616314
0.825020 0.507373 0.628039
0.827451 0.511294 0.639765
0.827451 0.513725 0.652941
0.828902 0.515176 0.667098
0.831373 0.519098 0.678824
0.831373 0.524431 0.690549
0.831373 0.530824 0.702275
0.831373 0.534745 0.714000
0.831373 0.538627 0.724314
0.831373 0.542549 0.733490
0.831373 0.546431 0.745216
0.830039 0.551686 0.756941
0.827451 0.558196 0.767333
0.827451 0.562078 0.776471
0.826157 0.567294 0.788157
0.823529 0.573804 0.798627
0.823529 0.578980 0.806431
0.822275 0.585569 0.815490
0.818392 0.590706 0.826000
0.815686 0.598510 0.833804
0.814510 0.605098 0.841608
0.811765 0.610196 0.849412
0.810588 0.616863 0.857216
0.806706 0.621922 0.865059
0.803922 0.629725 0.872863
0.802784 0.637529 0.880667
0.798902 0.644235 0.887373
0.796078 0.649216 0.892353
0.795020 0.657059 0.899098
0.791098 0.664863 0.903020
0.788235 0.671647 0.907961
0.787216 0.676549 0.914745
0.783294 0.684392 0.918667
0.780392 0.692196 0.922549
0.779412 0.700000 0.926471
0.775490 0.707804 0.930392
0.772549 0.714667 0.934275
0.771608 0.719529 0.937255
0.768627 0.727333 0.938157
0.767725 0.735137 0.942078
0.764706 0.742941 0.945098
0.763843 0.750784 0.945961
0.760784 0.757725 0.949020
0.760784 0.762471 0.949020
0.759961 0.770275 0.949843
0.756863 0.778078 0.952941
0.756863 0.785922 0.952941
0.756863 0.792941 0.952941
0.756863 0.797608 0.952941
0.756863 0.805412 0.952941
0.756863 0.812510 0.952941
0.756863 0.817137 0.952941
0.756863 0.824941 0.952941
0.756863 0.832078 0.952941
0.757529 0.836627 0.952275
0.760784 0.843804 0.949020
0.761412 0.848353 0.949020
0.764706 0.855529 0.949020
0.765333 0.860039 0.948392
0.768627 0.867255 0.945098
0.769216 0.871765 0.945098
0.773098 0.878980 0.945098
0.777020 0.882902 0.944549
0.780941 0.887333 0.941176
0.784314 0.894627 0.941176
0.785333 0.898549 0.940667
0.792627 0.902431 0.937255
0.796549 0.906353 0.937255
0.800471 0.910275 0.937255
0.804353 0.914627 0.937255
0.808706 0.922000 0.936824
0.816118 0.925922 0.933333
0.820000 0.929804 0.933333
0.824314 0.933725 0.933333
0.831725 0.937608 0.933333
0.836000 0.941176 0.933333
0.843804 0.941529 0.933333
0.851294 0.945412 0.933333
0.855529 0.949333 0.933647
0.863333 0.953216 0.937255
0.870863 0.956863 0.937255
0.875020 0.957137 0.937529
0.882824 0.961020 0.941176
0.890667 0.964941 0.941176
0.898471 0.968627 0.941373
0.906078 0.968824 0.945294
0.910157 0.972549 0.949020
0.918000 0.972706 0.949176
0.925804 0.976627 0.953098
0.933608 0.980392 0.957020
0.941412 0.980510 0.960902
0.949216 0.984314 0.964824
0.956941 0.984392 0.968706
0.960941 0.988235 0.972627
0.968745 0.988314 0.976549
0.976549 0.992157 0.980471
0.984392 0.992196 0.988275
0.992196 0.996078 0.992196
