0.454980 0.638745 0.700000
0.450196 0.657490 0.700000
0.445412 0.676980 0.700000
0.440627 0.697216 0.700000
0.435843 0.700000 0.681765
0.431059 0.700000 0.660000
0.426275 0.700000 0.637451
0.421490 0.700000 0.614157
0.416706 0.700000 0.590078
0.411922 0.700000 0.565255
0.407137 0.700000 0.539647
0.402353 0.700000 0.513294
0.397569 0.700000 0.486196
0.392784 0.700000 0.458314
0.388008 0.700000 0.429647
0.387792 0.705059 0.407255
0.395294 0.718745 0.396000
0.421686 0.732431 0.402824
0.449451 0.746078 0.410353
0.477922 0.759765 0.417882
0.507137 0.773451 0.425373
0.537098 0.787098 0.432902
0.566549 0.800000 0.440000
0.576392 0.800000 0.440000
0.586235 0.800000 0.440000
0.596078 0.800000 0.440000
0.605922 0.800000 0.440000
0.615765 0.800000 0.440000
0.625608 0.800000 0.440000
0.635451 0.800000 0.440000
0.645294 0.800000 0.440000
0.655137 0.800000 0.440000
0.665020 0.800000 0.440000
0.674863 0.800000 0.440000
0.684706 0.800000 0.440000
0.694549 0.800000 0.440000
0.704392 0.800000 0.440000
0.716039 0.802353 0.443176
0.730157 0.807804 0.450627
0.744157 0.813294 0.458118
0.758078 0.818745 0.465647
0.771882 0.824235 0.473294
0.785647 0.829686 0.480941
0.799294 0.835137 0.488706
0.812863 0.840627 0.496510
0.826275 0.846078 0.504353
0.839647 0.851569 0.512275
0.852863 0.857020 0.520235
0.862510 0.859020 0.528275
0.867961 0.856941 0.536392
0.873451 0.855020 0.544549
0.878902 0.853216 0.552745
0.884392 0.851529 0.561020
0.889843 0.850000 0.569373
0.895294 0.848588 0.577765
0.900196 0.847490 0.585569
0.901569 0.847529 0.589529
0.902941 0.847569 0.593529
0.904314 0.847686 0.597490
0.905647 0.847804 0.601490
0.907020 0.847961 0.605529
0.908392 0.848118 0.609529
0.909765 0.848353 0.613569
0.911137 0.848588 0.617608
0.912510 0.848863 0.621647
0.913882 0.849176 0.625686
0.915216 0.849529 0.629765
0.916588 0.849922 0.633843
0.917961 0.850314 0.637922
0.919333 0.850784 0.642000
0.920706 0.851255 0.646118
0.922078 0.851765 0.650235
0.923451 0.852314 0.654353
0.924824 0.852902 0.658471
0.926157 0.853490 0.662627
0.927529 0.854157 0.666745
0.928902 0.854824 0.670902
0.930275 0.855569 0.675098
0.931647 0.856314 0.679255
0.933020 0.857098 0.683451
0.934392 0.857922 0.687647
0.935725 0.858784 0.691843
0.937098 0.859647 0.696078
0.938471 0.860588 0.700275
0.939843 0.861569 0.704510
0.941216 0.862549 0.708745
0.942588 0.863608 0.713020
0.943961 0.864667 0.717255
0.945294 0.865765 0.721529
0.946667 0.866902 0.725804
0.948039 0.868078 0.730118
0.949412 0.869294 0.734392
0.950784 0.870549 0.738706
0.952157 0.871843 0.743020
0.953529 0.873176 0.747373
0.954902 0.874549 0.751686
0.956235 0.875961 0.756039
0.957608 0.877412 0.760392
0.958980 0.878863 0.764745
0.960353 0.880392 0.769137
0.961725 0.881961 0.773490
0.963098 0.883529 0.777882
0.964471 0.885176 0.782314
0.965804 0.886863 0.786706
0.967176 0.888549 0.791137
0.968549 0.890314 0.795569
0.969922 0.892078 0.800000
0.971294 0.893922 0.804431
0.972667 0.895804 0.808902
0.974039 0.897686 0.813373
0.975373 0.899647 0.817843
0.976745 0.901647 0.822314
0.978118 0.903647 0.826824
0.979490 0.905725 0.831333
0.980863 0.907843 0.835843
0.982235 0.909961 0.840353
0.983608 0.912157 0.844902
0.984980 0.914392 0.849451
0.986314 0.916667 0.854000
0.987686 0.918980 0.858549
0.989059 0.921333 0.863098
0.990431 0.923725 0.867686
0.991804 0.926157 0.872275
0.993176 0.928627 0.876863
0.994549 0.931176 0.881490
0.995882 0.933725 0.886078
0.997255 0.936314 0.890706
0.998627 0.938980 0.895373
1.000000 0.970824 0.950000
1.000000 0.970902 0.950392
1.000000 0.970980 0.950784
1.000000 0.971059 0.951176
1.000000 0.971098 0.951569
1.000000 0.971176 0.951961
1.000000 0.971255 0.952353
1.000000 0.971333 0.952745
1.000000 0.971451 0.953137
1.000000 0.971529 0.953529
1.000000 0.971608 0.953922
1.000000 0.971686 0.954314
1.000000 0.971804 0.954706
1.000000 0.971882 0.955059
1.000000 0.972000 0.955451
1.000000 0.972078 0.955843
1.000000 0.972196 0.956235
1.000000 0.972314 0.956627
1.000000 0.972431 0.957020
1.000000 0.972510 0.957412
1.000000 0.972627 0.957804
1.000000 0.972745 0.958196
1.000000 0.972863 0.958588
1.000000 0.973020 0.958980
1.000000 0.973137 0.959373
1.000000 0.973255 0.959765
1.000000 0.973373 0.960157
1.000000 0.973529 0.960549
1.000000 0.973647 0.960941
1.000000 0.973804 0.961333
1.000000 0.973922 0.961725
1.000000 0.974078 0.962118
1.000000 0.974235 0.962510
1.000000 0.974353 0.962902
1.000000 0.974510 0.963294
1.000000 0.974667 0.963686
1.000000 0.974824 0.964078
1.000000 0.974980 0.964471
1.000000 0.975137 0.964863
1.000000 0.975294 0.965216
1.000000 0.975490 0.965608
1.000000 0.975647 0.966000
1.000000 0.975804 0.966392
1.000000 0.976000 0.966784
1.000000 0.976157 0.967176
1.000000 0.976353 0.967569
1.000000 0.976510 0.967961
1.000000 0.976706 0.968353
1.000000 0.976902 0.968745
1.000000 0.977059 0.969137
1.000000 0.977255 0.969529
1.000000 0.977451 0.969922
1.000000 0.977647 0.970314
1.000000 0.977843 0.970706
1.000000 0.978039 0.971098
1.000000 0.978275 0.971490
1.000000 0.978471 0.971882
1.000000 0.978667 0.972275
1.000000 0.978902 0.972667
1.000000 0.979098 0.973059
1.000000 0.979333 0.973451
1.000000 0.979529 0.973843
1.000000 0.979765 0.974235
1.000000 0.980000 0.974627
1.000000 0.980196 0.974980
1.000000 0.980431 0.975373
1.000000 0.980667 0.975765
1.000000 0.980902 0.976157
1.000000 0.981137 0.976549
1.000000 0.981373 0.976941
1.000000 0.981608 0.977333
1.000000 0.981882 0.977725
1.000000 0.982118 0.978118
1.000000 0.982353 0.978510
1.000000 0.982627 0.978902
1.000000 0.982863 0.979294
1.000000 0.983137 0.979686
1.000000 0.983373 0.980078
1.000000 0.983647 0.980471
1.000000 0.983922 0.980863
1.000000 0.984196 0.981255
1.000000 0.984431 0.981647
1.000000 0.984706 0.982039
1.000000 0.984980 0.982431
1.000000 0.985255 0.982824
1.000000 0.985569 0.983216
1.000000 0.985843 0.983608
1.000000 0.986118 0.984000
1.000000 0.986392 0.984392
1.000000 0.986706 0.984784
1.000000 0.986980 0.985137
1.000000 0.987294 0.985529
1.000000 0.987569 0.985922
1.000000 0.987882 0.986314
1.000000 0.988196 0.986706
1.000000 0.988510 0.987098
1.000000 0.988784 0.987490
1.000000 0.989098 0.987882
1.000000 0.989412 0.988275
1.000000 0.989725 0.988667
1.000000 0.990078 0.989059
1.000000 0.990392 0.989451
1.000000 0.990706 0.989843
1.000000 0.991020 0.990235
1.000000 0.991373 0.990627
1.000000 0.991686 0.991020
1.000000 0.992039 0.991412
1.000000 0.992353 0.991804
1.000000 0.992706 0.992196
1.000000 0.993020 0.992588
1.000000 0.993373 0.992980
1.000000 0.993725 0.993373
1.000000 0.994078 0.993765
1.000000 0.994431 0.994157
1.000000 0.994784 0.994549
1.000000 0.995137 0.994941
1.000000 0.995490 0.995294
1.000000 0.995843 0.995686
1.000000 0.996235 0.996078
1.000000 0.996588 0.996471
1.000000 0.996941 0.996863
1.000000 0.997333 0.997255
1.000000 0.997686 0.997647
1.000000 0.998078 0.998039
1.000000 0.998471 0.998431
1.000000 0.998824 0.998824
1.000000 0.999216 0.999216
1.000000 0.999608 0.999608
