0.039216 0.000000 0.474510
0.053463 0.000000 0.488275
0.067710 0.000000 0.502039
0.081953 0.000000 0.515843
0.096200 0.000000 0.529608
0.110447 0.000000 0.543373
0.124694 0.000000 0.557137
0.138941 0.000000 0.570902
0.153188 0.000000 0.584667
0.149816 0.001762 0.597059
0.140318 0.004136 0.608902
0.130820 0.006511 0.620784
0.121322 0.008885 0.632667
0.111827 0.011259 0.644549
0.102329 0.013634 0.656392
0.092831 0.016008 0.668275
0.083333 0.018382 0.680157
0.073835 0.020757 0.692000
0.064337 0.023131 0.703882
0.054839 0.025505 0.715765
0.045341 0.027880 0.727647
0.035845 0.030255 0.739490
0.026347 0.032629 0.751373
0.016850 0.035003 0.763255
0.007353 0.037378 0.775137
0.000000 0.040824 0.785608
0.000000 0.047949 0.791294
0.000000 0.055071 0.796980
0.000000 0.062192 0.802706
0.000000 0.069318 0.808392
0.000000 0.076439 0.814078
0.000000 0.083565 0.819804
0.000000 0.090686 0.825490
0.000000 0.097812 0.831176
0.000000 0.104933 0.836902
0.000000 0.112055 0.842588
0.000000 0.119180 0.848275
0.000000 0.126302 0.854000
0.000000 0.133427 0.859686
0.000000 0.140549 0.865373
0.000000 0.147671 0.871098
0.000000 0.154796 0.876784
0.008763 0.177761 0.883843
0.021110 0.207204 0.891412
0.033457 0.236643 0.899020
0.045804 0.266086 0.906627
0.058149 0.295529 0.914235
0.070498 0.324973 0.921804
0.082843 0.354416 0.929412
0.095192 0.383859 0.937020
0.099173 0.405804 0.942902
0.093000 0.418627 0.946706
0.086824 0.431451 0.950510
0.080651 0.444275 0.954275
0.074478 0.457098 0.958078
0.068306 0.469882 0.961882
0.062133 0.482706 0.965686
0.055957 0.495529 0.969490
0.052082 0.510118 0.973176
0.057780 0.531961 0.976510
0.063482 0.553804 0.979843
0.069180 0.575647 0.983176
0.074878 0.597490 0.986471
0.080576 0.619333 0.989804
0.086275 0.641176 0.993137
0.091973 0.663020 0.996471
0.097671 0.684863 0.999804
0.109145 0.692941 1.000000
0.121016 0.700078 1.000000
0.132886 0.707176 1.000000
0.144761 0.714314 1.000000
0.156631 0.721412 1.000000
0.168502 0.728549 1.000000
0.180376 0.735686 1.000000
0.192247 0.742784 1.000000
0.201867 0.748941 1.000000
0.210416 0.754667 1.000000
0.218965 0.760353 1.000000
0.227510 0.766039 1.000000
0.236059 0.771765 1.000000
0.244608 0.777451 1.000000
0.253153 0.783137 1.000000
0.261702 0.788863 1.000000
0.272439 0.796745 0.997020
0.286212 0.807647 0.989882
0.299984 0.818588 0.982784
0.313757 0.829490 0.975647
0.327525 0.840431 0.968510
0.341298 0.851333 0.961412
0.355071 0.862275 0.954275
0.368839 0.873176 0.947137
0.381082 0.883137 0.940039
0.385357 0.887882 0.932902
0.389627 0.892627 0.925765
0.393922 0.897373 0.918667
0.398196 0.902118 0.911529
0.402431 0.906863 0.904431
0.406706 0.911608 0.897294
0.410980 0.916353 0.890157
0.415255 0.921098 0.883059
0.423412 0.921569 0.871647
0.431961 0.921569 0.859765
0.440510 0.921569 0.847882
0.449059 0.921569 0.836000
0.457608 0.921569 0.824157
0.466157 0.921569 0.812275
0.474706 0.921569 0.800392
0.483255 0.921569 0.788510
0.490549 0.921882 0.776353
0.497216 0.922353 0.764000
0.503843 0.922824 0.751647
0.510510 0.923294 0.739294
0.517137 0.923765 0.726980
0.523804 0.924235 0.714627
0.530471 0.924706 0.702275
0.537098 0.925216 0.689922
0.547412 0.927137 0.681255
0.563569 0.931412 0.678392
0.579725 0.935686 0.675569
0.595882 0.939961 0.672706
0.612000 0.944235 0.669843
0.628157 0.948510 0.667020
0.644314 0.952784 0.664157
0.660431 0.957059 0.661294
0.676549 0.961412 0.658471
0.692196 0.966157 0.655608
0.707882 0.970902 0.652745
0.723529 0.975647 0.649922
0.739216 0.980392 0.647059
0.754902 0.985137 0.644196
0.770549 0.989882 0.641373
0.786235 0.994627 0.638510
0.801882 0.999373 0.635647
0.811373 0.995882 0.626627
0.819922 0.991098 0.616627
0.828471 0.986353 0.606667
0.837020 0.981608 0.596706
0.845569 0.976863 0.586706
0.854118 0.972118 0.576745
0.862667 0.967373 0.566784
0.871216 0.962627 0.556784
0.879451 0.958157 0.547137
0.887529 0.953882 0.537608
0.895608 0.949608 0.528118
0.903686 0.945333 0.518627
0.911765 0.941059 0.509137
0.919804 0.936784 0.499647
0.927882 0.932510 0.490118
0.935961 0.928235 0.480627
0.942353 0.921961 0.471647
0.945686 0.911961 0.463569
0.949020 0.902000 0.455490
0.952314 0.892039 0.447412
0.955647 0.882078 0.439373
0.958980 0.872078 0.431294
0.962314 0.862118 0.423216
0.965608 0.852157 0.415137
0.968980 0.841961 0.407059
0.972784 0.829608 0.398980
0.976588 0.817255 0.390914
0.980392 0.804902 0.382843
0.984196 0.792549 0.374769
0.988000 0.780196 0.366698
0.991804 0.767843 0.358624
0.995608 0.755529 0.350549
0.999373 0.743176 0.342478
1.000000 0.729608 0.334008
1.000000 0.715843 0.325459
1.000000 0.702078 0.316910
1.000000 0.688314 0.308365
1.000000 0.674549 0.299816
1.000000 0.660784 0.291267
1.000000 0.646980 0.282722
1.000000 0.633216 0.274173
0.996980 0.615608 0.272243
0.991725 0.595176 0.275094
0.986510 0.574745 0.277941
0.981294 0.554314 0.280792
0.976078 0.533922 0.283639
0.970863 0.513490 0.286490
0.965608 0.493059 0.289337
0.960392 0.472667 0.292188
0.955961 0.453137 0.294576
0.953098 0.435569 0.296004
0.950235 0.418000 0.297427
0.947412 0.400431 0.298851
0.944549 0.382871 0.300275
0.941686 0.365302 0.301702
0.938863 0.347729 0.303125
0.936000 0.330161 0.304549
0.933843 0.314031 0.306251
0.941922 0.318780 0.311949
0.950000 0.323529 0.317647
0.958078 0.328278 0.323345
0.966157 0.333027 0.329043
0.974235 0.337776 0.334741
0.982275 0.342525 0.340439
0.990353 0.347275 0.346141
0.998431 0.352020 0.351839
1.000000 0.365961 0.365961
1.000000 0.382106 0.382106
1.000000 0.398235 0.398235
1.000000 0.414392 0.414392
1.000000 0.430549 0.430549
1.000000 0.446706 0.446706
1.000000 0.462824 0.462824
1.000000 0.478980 0.478980
1.000000 0.495137 0.495137
1.000000 0.511255 0.511255
1.000000 0.527412 0.527412
1.000000 0.543569 0.543569
1.000000 0.559725 0.559725
1.000000 0.575843 0.575843
1.000000 0.592000 0.592000
1.000000 0.608157 0.608157
0.998627 0.622510 0.621804
0.993882 0.632471 0.629412
0.989137 0.642431 0.637020
0.984392 0.652431 0.644588
0.979608 0.662392 0.652196
0.974863 0.672353 0.659804
0.970118 0.682353 0.667412
0.965373 0.692314 0.674980
0.960941 0.702235 0.682706
0.965686 0.710275 0.693137
0.970431 0.718353 0.703569
0.975176 0.726431 0.714039
0.979922 0.734510 0.724471
0.984667 0.742588 0.734941
0.989412 0.750667 0.745373
0.994196 0.758745 0.755804
0.998941 0.766824 0.766275
1.000000 0.775608 0.775608
1.000000 0.784627 0.784627
1.000000 0.793647 0.793647
1.000000 0.802667 0.802667
1.000000 0.811686 0.811686
1.000000 0.820745 0.820745
1.000000 0.829765 0.829765
1.000000 0.838784 0.838784
1.000000 0.848039 0.848039
1.000000 0.857529 0.857529
1.000000 0.867020 0.867020
1.000000 0.876549 0.876549
1.000000 0.886039 0.886039
1.000000 0.895529 0.895529
1.000000 0.905020 0.905020
1.000000 0.914510 0.914510
1.000000 0.923882 0.923765
1.000000 0.932902 0.932314
1.000000 0.941961 0.940863
1.000000 0.950980 0.949412
1.000000 0.960000 0.957961
1.000000 0.969020 0.966510
1.000000 0.978039 0.975059
1.000000 0.987059 0.983608
