0.411765 0.596078 0.521569
0.439647 0.632549 0.549451
0.464353 0.664196 0.573647
0.473647 0.672784 0.580078
0.482941 0.681373 0.586510
0.492235 0.689961 0.592941
0.501529 0.698549 0.599373
0.510824 0.707098 0.605804
0.519961 0.711843 0.610039
0.529098 0.714784 0.613255
0.538196 0.717725 0.616471
0.547333 0.720667 0.619686
0.556431 0.723608 0.622902
0.565529 0.726588 0.626118
0.574667 0.729529 0.629333
0.583765 0.732471 0.632549
0.592902 0.735412 0.635804
0.602000 0.738353 0.639020
0.611137 0.741333 0.642235
0.620235 0.744275 0.645451
0.629333 0.747216 0.648667
0.638471 0.750157 0.651882
0.647765 0.753098 0.655098
0.660078 0.755490 0.658314
0.672431 0.757922 0.661529
0.684745 0.760314 0.664745
0.697098 0.762745 0.667961
0.709412 0.765137 0.671176
0.721765 0.767569 0.674392
0.734078 0.769961 0.677608
0.746431 0.772392 0.680824
0.758745 0.774784 0.684039
0.771098 0.777216 0.687255
0.783412 0.779608 0.690471
0.795725 0.782039 0.693686
0.808078 0.784431 0.696902
0.820392 0.786863 0.700118
0.827490 0.787451 0.701255
0.827608 0.785647 0.699647
0.827725 0.783804 0.698039
0.827804 0.782000 0.696431
0.827922 0.780157 0.694824
0.828039 0.778353 0.693216
0.828157 0.776510 0.691608
0.828235 0.774706 0.690000
0.828353 0.772863 0.688392
0.828471 0.771059 0.686784
0.828588 0.769216 0.685176
0.828667 0.767412 0.683569
0.828784 0.765569 0.681961
0.828902 0.763765 0.680353
0.828980 0.761922 0.678745
0.829098 0.760118 0.677137
0.829216 0.758275 0.675529
0.829333 0.756471 0.673922
0.829412 0.754627 0.672314
0.829529 0.752824 0.670706
0.829647 0.750980 0.669098
0.829765 0.749176 0.667490
0.829843 0.747333 0.665882
0.829961 0.745529 0.664275
0.830078 0.743686 0.662667
0.830196 0.741882 0.661059
0.830275 0.740039 0.659451
0.830392 0.738235 0.657843
0.830510 0.736431 0.656235
0.830588 0.734588 0.654627
0.830706 0.732784 0.653020
0.830824 0.730941 0.651412
0.830941 0.729137 0.649804
0.831020 0.727294 0.648196
0.831137 0.725490 0.646588
0.831255 0.723647 0.644980
0.831373 0.721843 0.643373
0.831373 0.722314 0.644706
0.831373 0.723176 0.646510
0.831373 0.724039 0.648353
0.831373 0.724863 0.650157
0.831373 0.725725 0.652000
0.831373 0.726588 0.653804
0.831373 0.727451 0.655647
0.831373 0.728314 0.657451
0.831373 0.729176 0.659294
0.831373 0.730039 0.661098
0.831373 0.730902 0.662941
0.831373 0.731725 0.664745
0.831373 0.732588 0.666588
0.831373 0.733451 0.668392
0.831373 0.734314 0.670235
0.831373 0.735176 0.672039
0.831373 0.736039 0.673882
0.831373 0.736902 0.675686
0.831373 0.737765 0.677529
0.831373 0.738588 0.679333
0.831373 0.739451 0.681176
0.831373 0.740314 0.682980
0.831373 0.741176 0.684824
0.831373 0.742039 0.686627
0.831373 0.742902 0.688431
0.831373 0.743765 0.690275
0.831373 0.744627 0.692078
0.831373 0.745451 0.693922
0.831373 0.746314 0.695725
0.831373 0.747176 0.697569
0.831373 0.748039 0.699373
0.831373 0.748902 0.701216
0.831373 0.749765 0.703020
0.831373 0.750627 0.704863
0.831373 0.751490 0.706667
0.831373 0.752314 0.708510
0.831451 0.753451 0.710588
0.831647 0.755294 0.713255
0.831882 0.757098 0.715922
0.832078 0.758941 0.718627
0.832275 0.760745 0.721294
0.832510 0.762588 0.723961
0.832706 0.764392 0.726667
0.832941 0.766235 0.729333
0.833137 0.768039 0.732000
0.833373 0.769882 0.734706
0.833569 0.771686 0.737373
0.833804 0.773529 0.740039
0.834000 0.775333 0.742745
0.834235 0.777176 0.745412
0.834431 0.778980 0.748118
0.834667 0.780824 0.750784
0.834863 0.782627 0.753451
0.835098 0.784471 0.756157
0.835294 0.786275 0.758824
0.835490 0.788078 0.761490
0.835725 0.789922 0.764196
0.835922 0.791725 0.766863
0.836157 0.793569 0.769529
0.836353 0.795373 0.772235
0.836588 0.797216 0.774902
0.836784 0.799020 0.777608
0.837020 0.800863 0.780275
0.837216 0.802667 0.782941
0.837451 0.804510 0.785647
0.837647 0.806314 0.788314
0.837882 0.808157 0.790980
0.838078 0.809961 0.793686
0.838314 0.811804 0.796353
0.838510 0.813608 0.799020
0.838706 0.815451 0.801725
0.838941 0.817255 0.804392
0.839137 0.819098 0.807059
0.839843 0.820510 0.808902
0.840667 0.821804 0.810431
0.841529 0.823098 0.811922
0.842392 0.824392 0.813412
0.843255 0.825686 0.814902
0.844118 0.826941 0.816431
0.844980 0.828235 0.817922
0.845843 0.829529 0.819412
0.846706 0.830824 0.820941
0.847529 0.832118 0.822431
0.848392 0.833412 0.823922
0.849255 0.834667 0.825412
0.850118 0.835961 0.826941
0.850980 0.837255 0.828431
0.851843 0.838549 0.829922
0.852706 0.839843 0.831451
0.853569 0.841098 0.832941
0.854392 0.842392 0.834431
0.855255 0.843686 0.835922
0.856118 0.844980 0.837451
0.856980 0.846275 0.838941
0.857843 0.847529 0.840431
0.858706 0.848824 0.841961
0.859569 0.850118 0.843451
0.860431 0.851412 0.844941
0.861255 0.852706 0.846431
0.862118 0.854000 0.847961
0.862980 0.855255 0.849451
0.863843 0.856549 0.850941
0.864706 0.857843 0.852431
0.865569 0.859137 0.853961
0.866431 0.860431 0.855451
0.867294 0.861686 0.856941
0.868118 0.862980 0.858471
0.868980 0.864275 0.859961
0.869843 0.865569 0.861451
0.870824 0.866902 0.862980
0.872549 0.868627 0.864706
0.874275 0.870353 0.866431
0.875961 0.872039 0.868118
0.877686 0.873765 0.869843
0.879412 0.875490 0.871569
0.881137 0.877216 0.873294
0.882824 0.878902 0.874980
0.884549 0.880627 0.876706
0.886275 0.882353 0.878431
0.888000 0.884078 0.880157
0.889686 0.885765 0.881843
0.891412 0.887490 0.883569
0.893137 0.889216 0.885294
0.894863 0.890941 0.887020
0.896549 0.892627 0.888706
0.898275 0.894353 0.890431
0.900000 0.896078 0.892157
0.901725 0.897804 0.893882
0.903412 0.899490 0.895569
0.905137 0.901216 0.897294
0.906863 0.902941 0.899020
0.908588 0.904667 0.900745
0.910275 0.906353 0.902431
0.912000 0.908078 0.904157
0.913725 0.909804 0.905882
0.915451 0.911529 0.907608
0.917137 0.913216 0.909294
0.918863 0.914941 0.911020
0.920588 0.916667 0.912745
0.922314 0.918392 0.914471
0.924000 0.920078 0.916157
0.925725 0.921804 0.917882
0.927451 0.923529 0.919608
0.929176 0.925255 0.921333
0.930863 0.926941 0.923020
0.932588 0.928667 0.924745
0.933882 0.929961 0.926039
0.934863 0.930941 0.927020
0.935804 0.931882 0.927961
0.936784 0.932863 0.928941
0.937725 0.933804 0.929882
0.938706 0.934784 0.930863
0.939686 0.935765 0.931843
0.940627 0.936706 0.932784
0.941608 0.937686 0.933765
0.942588 0.938667 0.934745
0.943529 0.939608 0.935686
0.944510 0.940588 0.936667
0.945451 0.941529 0.937608
0.946431 0.942510 0.938588
0.947412 0.943490 0.939569
0.948353 0.944431 0.940510
0.949333 0.945412 0.941490
0.950275 0.946353 0.942431
0.951255 0.947333 0.943412
0.952235 0.948314 0.944392
0.953176 0.949255 0.945333
0.954157 0.950235 0.946314
0.955098 0.951176 0.947255
0.956078 0.952157 0.948235
0.957059 0.953137 0.949216
0.958000 0.954078 0.950157
0.958980 0.955059 0.951137
0.959961 0.956039 0.952118
0.960902 0.956980 0.953059
0.961882 0.957961 0.954039
0.962824 0.958902 0.954980
0.963804 0.959882 0.955961
0.964784 0.960863 0.956941
0.965725 0.961804 0.957882
0.966706 0.962784 0.958863
0.967647 0.963725 0.959804
