0.000000 0.000000 0.000000
0.004902 0.003057 0.001961
0.009804 0.006113 0.003922
0.014706 0.009169 0.005882
0.019608 0.012226 0.007843
0.024510 0.015283 0.009804
0.029412 0.018339 0.011765
0.034314 0.021396 0.013725
0.039216 0.024452 0.015686
0.044118 0.027509 0.017647
0.049020 0.030565 0.019608
0.053922 0.033622 0.021569
0.058824 0.036678 0.023529
0.063725 0.039733 0.025490
0.068627 0.042792 0.027451
0.073529 0.045847 0.029412
0.078431 0.048906 0.031373
0.083333 0.051961 0.033333
0.088235 0.055016 0.035294
0.093137 0.058075 0.037255
0.098039 0.061129 0.039216
0.102941 0.064188 0.041176
0.107843 0.067243 0.043137
0.112745 0.070298 0.045098
0.117647 0.073357 0.047059
0.122549 0.076412 0.049020
0.127451 0.079471 0.050980
0.132353 0.082525 0.052941
0.137255 0.085584 0.054902
0.142157 0.088639 0.056863
0.147059 0.091694 0.058824
0.151961 0.094753 0.060784
0.156863 0.097808 0.062745
0.161765 0.100867 0.064706
0.166667 0.103922 0.066667
0.171569 0.106976 0.068627
0.176471 0.110035 0.070588
0.181373 0.113090 0.072549
0.186275 0.116149 0.074510
0.191176 0.119204 0.076471
0.196078 0.122259 0.078431
0.200980 0.125318 0.080392
0.205882 0.128373 0.082353
0.210784 0.131431 0.084314
0.215686 0.134486 0.086275
0.220588 0.137545 0.088235
0.225490 0.140600 0.090196
0.230392 0.143655 0.092157
0.235294 0.146714 0.094118
0.240196 0.149769 0.096078
0.245098 0.152827 0.098039
0.250000 0.155882 0.100000
0.254902 0.158937 0.101961
0.259804 0.161996 0.103922
0.264706 0.165051 0.105882
0.269608 0.168110 0.107843
0.274510 0.171165 0.109804
0.279412 0.174220 0.111765
0.284314 0.177278 0.113725
0.289216 0.180333 0.115686
0.294118 0.183392 0.117647
0.299020 0.186447 0.119608
0.303922 0.189506 0.121569
0.308824 0.192561 0.123529
0.313725 0.195616 0.125490
0.318627 0.198675 0.127451
0.323529 0.201729 0.129412
0.328431 0.204788 0.131373
0.333333 0.207843 0.133333
0.338235 0.210898 0.135294
0.343137 0.213957 0.137255
0.348039 0.217012 0.139216
0.352941 0.220071 0.141176
0.357843 0.223125 0.143137
0.362745 0.226180 0.145098
0.367647 0.229239 0.147059
0.372549 0.232294 0.149020
0.377451 0.235353 0.150980
0.382353 0.238408 0.152941
0.387255 0.241467 0.154902
0.392157 0.244522 0.156863
0.397059 0.247576 0.158824
0.401961 0.250635 0.160784
0.406863 0.253690 0.162745
0.411765 0.256749 0.164706
0.416667 0.259804 0.166667
0.421569 0.262859 0.168627
0.426471 0.265918 0.170588
0.431373 0.268973 0.172549
0.436275 0.272031 0.174510
0.441176 0.275086 0.176471
0.446078 0.278141 0.178431
0.450980 0.281200 0.180392
0.455882 0.284255 0.182353
0.460784 0.287314 0.184314
0.465686 0.290369 0.186275
0.470588 0.293427 0.188235
0.475490 0.296482 0.190196
0.480392 0.299537 0.192157
0.485294 0.302596 0.194118
0.490196 0.305651 0.196078
0.495098 0.308710 0.198039
0.500000 0.311765 0.200000
0.504902 0.314820 0.201961
0.509804 0.317878 0.203922
0.514706 0.320933 0.205882
0.519608 0.323992 0.207843
0.524510 0.327047 0.209804
0.529412 0.330102 0.211765
0.534314 0.333161 0.213725
0.539216 0.336216 0.215686
0.544118 0.339275 0.217647
0.549020 0.342329 0.219608
0.553922 0.345388 0.221569
0.558824 0.348443 0.223529
0.563725 0.351498 0.225490
0.568627 0.354557 0.227451
0.573529 0.357612 0.229412
0.578431 0.360671 0.231373
0.583333 0.363725 0.233333
0.588235 0.366780 0.235294
0.593137 0.369839 0.237255
0.598039 0.372894 0.239216
0.602941 0.375953 0.241176
0.607843 0.379008 0.243137
0.612745 0.382063 0.245098
0.617647 0.385122 0.247059
0.622549 0.388176 0.249020
0.627451 0.391235 0.250980
0.632353 0.394275 0.252941
0.637255 0.397333 0.254902
0.642157 0.400392 0.256863
0.647059 0.403451 0.258824
0.651961 0.406510 0.260784
0.656863 0.409569 0.262745
0.661765 0.412627 0.264706
0.666667 0.415686 0.266667
0.671569 0.418745 0.268627
0.676471 0.421804 0.270588
0.681373 0.424863 0.272549
0.686275 0.427922 0.274510
0.691176 0.430980 0.276471
0.696078 0.434039 0.278431
0.700980 0.437098 0.280392
0.705882 0.440157 0.282353
0.710784 0.443176 0.284314
0.715686 0.446235 0.286275
0.720588 0.449294 0.288235
0.725490 0.452353 0.290196
0.730392 0.455412 0.292157
0.735294 0.458471 0.294118
0.740196 0.461529 0.296078
0.745098 0.464588 0.298039
0.750000 0.467647 0.300000
0.754902 0.470706 0.301961
0.759804 0.473765 0.303922
0.764706 0.476824 0.305882
0.769608 0.479882 0.307843
0.774510 0.482941 0.309804
0.779412 0.486000 0.311765
0.784314 0.489059 0.313725
0.789216 0.492118 0.315686
0.794118 0.495137 0.317647
0.799020 0.498196 0.319608
0.803922 0.501255 0.321569
0.808824 0.504314 0.323529
0.813725 0.507373 0.325490
0.818627 0.510431 0.327451
0.823529 0.513490 0.329412
0.828431 0.516549 0.331373
0.833333 0.519608 0.333333
0.838235 0.522667 0.335294
0.843137 0.525725 0.337255
0.848039 0.528784 0.339216
0.852941 0.531843 0.341176
0.857843 0.534902 0.343137
0.862745 0.537961 0.345098
0.867647 0.541020 0.347059
0.872549 0.544078 0.349020
0.877451 0.547098 0.350980
0.882353 0.550157 0.352941
0.887255 0.553216 0.354902
0.892157 0.556275 0.356863
0.897059 0.559333 0.358824
0.901961 0.562392 0.360784
0.906863 0.565451 0.362745
0.911765 0.568510 0.364706
0.916667 0.571569 0.366667
0.921569 0.574627 0.368627
0.926471 0.577686 0.370588
0.931373 0.580745 0.372549
0.936275 0.583804 0.374510
0.941176 0.586863 0.376471
0.946078 0.589922 0.378431
0.950980 0.592980 0.380392
0.955882 0.596039 0.382353
0.960784 0.599059 0.384314
0.965686 0.602118 0.386275
0.970588 0.605176 0.388235
0.975490 0.608235 0.390196
0.980392 0.611294 0.392157
0.985294 0.614353 0.394118
0.990196 0.617412 0.396078
0.995098 0.620471 0.398039
1.000000 0.623529 0.400000
1.000000 0.626627 0.401961
1.000000 0.629725 0.403922
1.000000 0.632824 0.405882
1.000000 0.635882 0.407843
1.000000 0.638980 0.409804
1.000000 0.642078 0.411765
1.000000 0.645176 0.413725
1.000000 0.648275 0.415686
1.000000 0.651373 0.417647
1.000000 0.654431 0.419608
1.000000 0.657529 0.421569
1.000000 0.660627 0.423529
1.000000 0.663725 0.425490
1.000000 0.666824 0.427451
1.000000 0.669922 0.429412
1.000000 0.673020 0.431373
1.000000 0.676078 0.433333
1.000000 0.679176 0.435294
1.000000 0.682275 0.437255
1.000000 0.685373 0.439216
1.000000 0.688471 0.441176
1.000000 0.691569 0.443137
1.000000 0.694627 0.445098
1.000000 0.697725 0.447059
1.000000 0.700824 0.449020
1.000000 0.703922 0.450980
1.000000 0.707020 0.452941
1.000000 0.710118 0.454902
1.000000 0.713216 0.456863
1.000000 0.716275 0.458824
1.000000 0.719373 0.460784
1.000000 0.722471 0.462745
1.000000 0.725569 0.464706
1.000000 0.728667 0.466667
1.000000 0.731765 0.468627
1.000000 0.734824 0.470588
1.000000 0.737922 0.472549
1.000000 0.741020 0.474510
1.000000 0.744118 0.476471
1.000000 0.747216 0.478431
1.000000 0.750314 0.480392
1.000000 0.753412 0.482353
1.000000 0.756471 0.484314
1.000000 0.759569 0.486275
1.000000 0.762667 0.488235
1.000000 0.765765 0.490196
1.000000 0.768863 0.492157
1.000000 0.771961 0.494118
1.000000 0.775020 0.496078
1.000000 0.778118 0.498039
1.000000 0.781216 0.500000
