0.000000 0.000000 0.000000
0.000000 0.000613 0.003064
0.000000 0.001225 0.006127
0.000000 0.001838 0.009191
0.000000 0.002451 0.012255
0.000000 0.003064 0.015318
0.000000 0.003676 0.018382
0.000000 0.004289 0.021446
0.000000 0.004902 0.024510
0.000000 0.005515 0.027573
0.000000 0.006127 0.030637
0.000000 0.006740 0.033701
0.000000 0.007353 0.036765
0.000000 0.007965 0.039827
0.000000 0.008578 0.042894
0.000000 0.009191 0.045957
0.000000 0.009804 0.049020
0.000000 0.010416 0.052082
0.000000 0.011029 0.055145
0.000000 0.011642 0.058212
0.000000 0.012255 0.061275
0.000000 0.012867 0.064337
0.000000 0.013480 0.067404
0.000000 0.014093 0.070467
0.000000 0.014706 0.073529
0.000000 0.015318 0.076592
0.000000 0.015931 0.079655
0.000000 0.016544 0.082722
0.000000 0.017157 0.085784
0.000000 0.017769 0.088847
0.000000 0.018382 0.091910
0.000000 0.018995 0.094976
0.000000 0.019608 0.098039
0.000000 0.020220 0.101102
0.000000 0.020833 0.104165
0.000000 0.021446 0.107231
0.000000 0.022059 0.110294
0.000000 0.022671 0.113357
0.000000 0.023284 0.116424
0.000000 0.023897 0.119486
0.000000 0.024510 0.122549
0.000000 0.025122 0.125612
0.000000 0.025735 0.128675
0.000000 0.026348 0.131741
0.000000 0.026961 0.134804
0.000000 0.027573 0.137867
0.000000 0.028186 0.140933
0.000000 0.028799 0.143996
0.000000 0.029412 0.147059
0.000000 0.030024 0.150122
0.000000 0.030637 0.153184
0.000000 0.031250 0.156251
0.000000 0.031863 0.159314
0.000000 0.032475 0.162376
0.000000 0.033088 0.165443
0.000000 0.033701 0.168506
0.000000 0.034314 0.171569
0.000000 0.034926 0.174631
0.000000 0.035539 0.177694
0.000000 0.036152 0.180761
0.000000 0.036765 0.183824
0.000000 0.037377 0.186886
0.000000 0.037990 0.189953
0.000000 0.038603 0.193016
0.000000 0.039216 0.196078
0.000000 0.047796 0.205271
0.000000 0.056373 0.214463
0.000000 0.064949 0.223651
0.000000 0.073529 0.232843
0.000000 0.082110 0.242035
0.000000 0.090686 0.251224
0.000000 0.099267 0.260416
0.000000 0.107843 0.269608
0.000000 0.116424 0.278800
0.000000 0.125000 0.287992
0.000000 0.133580 0.297180
0.000000 0.142157 0.306373
0.000000 0.150737 0.315565
0.000000 0.159314 0.324753
0.000000 0.167894 0.333945
0.000000 0.176471 0.343137
0.000000 0.185051 0.352329
0.000000 0.193627 0.361518
0.000000 0.202204 0.370710
0.000000 0.210784 0.379902
0.000000 0.219365 0.389094
0.000000 0.227941 0.398275
0.000000 0.236522 0.407490
0.000000 0.245098 0.416667
0.000000 0.253678 0.425843
0.000000 0.262255 0.435059
0.000000 0.270835 0.444235
0.000000 0.279412 0.453412
0.000000 0.287992 0.462627
0.000000 0.296569 0.471804
0.000000 0.305145 0.481020
0.000000 0.313725 0.490196
0.000000 0.322306 0.499373
0.000000 0.330882 0.508588
0.000000 0.339459 0.517765
0.000000 0.348039 0.526980
0.000000 0.356620 0.536157
0.000000 0.365196 0.545333
0.000000 0.373773 0.554549
0.000000 0.382353 0.563725
0.000000 0.390933 0.572902
0.000000 0.399529 0.582118
0.000000 0.408078 0.591294
0.000000 0.416667 0.600471
0.000000 0.425255 0.609686
0.000000 0.433804 0.618863
0.000000 0.442392 0.628078
0.000000 0.450980 0.637255
0.000000 0.459569 0.646431
0.000000 0.468157 0.655647
0.000000 0.476706 0.664824
0.000000 0.485294 0.674039
0.000000 0.493882 0.683216
0.000000 0.502431 0.692392
0.000000 0.511020 0.701608
0.000000 0.519608 0.710784
0.000000 0.528196 0.719961
0.000000 0.536784 0.729176
0.000000 0.545333 0.738353
0.000000 0.553922 0.747529
0.000000 0.562510 0.756745
0.000000 0.571059 0.765922
0.000000 0.579647 0.775137
0.000000 0.588235 0.784314
0.010539 0.594000 0.782353
0.021078 0.599765 0.780392
0.031618 0.605529 0.778431
0.042157 0.611294 0.776471
0.052698 0.617020 0.774510
0.063235 0.622784 0.772549
0.073773 0.628549 0.770588
0.084314 0.634314 0.768627
0.094855 0.640078 0.766667
0.105392 0.645843 0.764706
0.115929 0.651608 0.762745
0.126471 0.657333 0.760784
0.137012 0.663098 0.758824
0.147549 0.668863 0.756863
0.158090 0.674627 0.754902
0.168627 0.680392 0.752941
0.179169 0.686157 0.750980
0.189706 0.691922 0.749020
0.200243 0.697686 0.747059
0.210784 0.703451 0.745098
0.221325 0.709176 0.743137
0.231863 0.714941 0.741176
0.242404 0.720706 0.739216
0.252941 0.726471 0.737255
0.263482 0.732235 0.735294
0.274020 0.738000 0.733333
0.284561 0.743765 0.731373
0.295098 0.749490 0.729412
0.305639 0.755255 0.727451
0.316176 0.761020 0.725490
0.326714 0.766784 0.723529
0.337255 0.772549 0.721569
0.347796 0.778431 0.719608
0.358333 0.784314 0.717647
0.368871 0.790196 0.715686
0.379412 0.796078 0.713725
0.389953 0.801961 0.711765
0.400471 0.807843 0.709804
0.411020 0.813725 0.707843
0.421569 0.819608 0.705882
0.432118 0.825490 0.703922
0.442667 0.831373 0.701961
0.453176 0.837255 0.700000
0.463725 0.843137 0.698039
0.474275 0.849020 0.696078
0.484824 0.854902 0.694118
0.495333 0.860784 0.692157
0.505882 0.866667 0.690196
0.516431 0.872549 0.688235
0.526980 0.878431 0.686275
0.537490 0.884314 0.684314
0.548039 0.890196 0.682353
0.558588 0.896078 0.680392
0.569098 0.901961 0.678431
0.579647 0.907843 0.676471
0.590196 0.913725 0.674510
0.600745 0.919608 0.672549
0.611294 0.925490 0.670588
0.621804 0.931373 0.668627
0.632353 0.937255 0.666667
0.642902 0.943137 0.664706
0.653451 0.949020 0.662745
0.663961 0.954902 0.660784
0.674510 0.960784 0.658824
0.679294 0.961412 0.664078
0.684078 0.962000 0.669373
0.688863 0.962627 0.674627
0.693647 0.963216 0.679922
0.698392 0.963843 0.685176
0.703176 0.964471 0.690431
0.707961 0.965059 0.695725
0.712745 0.965686 0.700980
0.717529 0.966314 0.706235
0.722314 0.966902 0.711529
0.727098 0.967529 0.716784
0.731882 0.968157 0.722039
0.736627 0.968745 0.727333
0.741412 0.969373 0.732588
0.746196 0.969961 0.737882
0.750980 0.970588 0.743137
0.755765 0.971216 0.748392
0.760549 0.971804 0.753686
0.765333 0.972431 0.758941
0.770078 0.973020 0.764235
0.774863 0.973647 0.769490
0.779647 0.974275 0.774745
0.784431 0.974863 0.780039
0.789216 0.975490 0.785294
0.794000 0.976118 0.790549
0.798784 0.976706 0.795843
0.803569 0.977333 0.801098
0.808314 0.977961 0.806353
0.813098 0.978549 0.811647
0.817882 0.979176 0.816902
0.822667 0.979765 0.822196
0.827451 0.980392 0.827451
0.832235 0.981020 0.832824
0.837020 0.981608 0.838235
0.841804 0.982235 0.843608
0.846588 0.982824 0.849020
0.851333 0.983451 0.854431
0.856118 0.984078 0.859804
0.860902 0.984667 0.865176
0.865686 0.985294 0.870588
0.870471 0.985922 0.876000
0.875255 0.986510 0.881373
0.880039 0.987137 0.886745
0.884784 0.987725 0.892157
0.889569 0.988353 0.897529
0.894353 0.988980 0.902941
0.899137 0.989569 0.908314
0.903922 0.990196 0.913725
0.908706 0.990824 0.919137
0.913490 0.991412 0.924510
0.918275 0.992039 0.929882
0.923020 0.992627 0.935294
0.927804 0.993255 0.940706
0.932588 0.993882 0.946078
0.937373 0.994471 0.951451
0.942157 0.995098 0.956863
0.946941 0.995725 0.962275
0.951725 0.996314 0.967647
0.956510 0.996941 0.973020
0.961255 0.997569 0.978431
0.966039 0.998157 0.983843
0.970824 0.998784 0.989216
0.975608 0.999373 0.994588
