0.188235 0.070588 0.231373
0.196047 0.082306 0.262620
0.199969 0.094027 0.289984
0.203875 0.105745 0.317322
0.207780 0.117463 0.344671
0.211686 0.129180 0.372012
0.215596 0.140902 0.399373
0.219502 0.152620 0.426706
0.223408 0.164337 0.450235
0.227314 0.176059 0.473686
0.231220 0.184008 0.500902
0.235125 0.195573 0.524471
0.239031 0.207290 0.544196
0.242937 0.219012 0.567451
0.246843 0.230729 0.590863
0.247059 0.242447 0.610627
0.250737 0.250490 0.633843
0.254643 0.261965 0.653608
0.254902 0.273682 0.673137
0.258533 0.285400 0.692667
0.258824 0.293506 0.708588
0.262424 0.304918 0.727804
0.266329 0.316635 0.747333
0.266667 0.328353 0.763294
0.266667 0.336518 0.778902
0.270204 0.347871 0.794549
0.270588 0.359588 0.810157
0.270588 0.367800 0.825804
0.274082 0.379106 0.837922
0.274510 0.390824 0.853137
0.274510 0.399098 0.865294
0.274510 0.410353 0.877020
0.274510 0.418627 0.888745
0.277925 0.429843 0.900431
0.278431 0.441569 0.912157
0.278431 0.449922 0.920510
0.278431 0.461098 0.931686
0.278431 0.469451 0.940039
0.278431 0.480588 0.947843
0.275106 0.489020 0.955686
0.274510 0.500118 0.963490
0.274510 0.508549 0.971294
0.274510 0.519647 0.979098
0.274510 0.528078 0.983647
0.271263 0.539137 0.987569
0.270588 0.547647 0.991451
0.267373 0.558667 0.995373
0.263467 0.567176 0.996078
0.259557 0.578196 0.999255
0.255651 0.586745 1.000000
0.251745 0.597686 1.000000
0.244698 0.606275 0.996863
0.240012 0.617216 0.996078
0.232996 0.625843 0.992980
0.228278 0.636745 0.989059
0.221294 0.645373 0.985137
0.216545 0.656235 0.981255
0.209588 0.667961 0.974314
0.201776 0.676667 0.969529
0.193965 0.684471 0.962588
0.186153 0.695294 0.957765
0.181325 0.704000 0.950902
0.174447 0.714784 0.943059
0.166635 0.723569 0.935255
0.158824 0.734314 0.924510
0.153937 0.743098 0.915725
0.147122 0.750902 0.907922
0.139306 0.761608 0.897216
0.134376 0.770471 0.888353
0.127604 0.778275 0.877686
0.122639 0.786078 0.868824
0.118733 0.793922 0.858157
0.112008 0.801725 0.849255
0.107000 0.812314 0.838667
0.103094 0.821255 0.826941
0.101961 0.829059 0.818000
0.099204 0.834118 0.807412
0.095298 0.840784 0.795686
0.094118 0.848588 0.786706
0.094118 0.856392 0.776196
0.094118 0.864235 0.764471
0.094118 0.869333 0.755412
0.094118 0.875922 0.744941
0.096769 0.883725 0.735882
0.098039 0.888902 0.728078
0.100659 0.892824 0.717647
0.107169 0.899333 0.708510
0.112392 0.904549 0.700706
0.118875 0.911020 0.690314
0.124125 0.916275 0.678588
0.130576 0.920196 0.669412
0.140918 0.924078 0.659098
0.150122 0.930510 0.647373
0.160431 0.935843 0.635647
0.169671 0.939725 0.623922
0.179949 0.943647 0.612196
0.191667 0.947529 0.600510
0.203384 0.951451 0.586353
0.215102 0.955373 0.573137
0.229227 0.959255 0.561412
0.242463 0.963176 0.547294
0.256557 0.967098 0.534039
0.269824 0.970980 0.522353
0.283882 0.972549 0.508275
0.299510 0.974863 0.494980
0.315133 0.978784 0.483255
0.328463 0.980392 0.469255
0.342463 0.982667 0.455882
0.358090 0.986588 0.441922
0.373714 0.988235 0.428549
0.389337 0.990471 0.416824
0.404980 0.992157 0.405098
0.420588 0.994353 0.391176
0.436196 0.996078 0.377741
0.451843 0.996078 0.366024
0.467451 0.996078 0.354306
0.483098 0.998235 0.342584
0.496588 1.000000 0.330867
0.510431 1.000000 0.321263
0.526039 1.000000 0.311353
0.539569 1.000000 0.299631
0.553373 1.000000 0.289980
0.566941 1.000000 0.282169
0.580706 0.997961 0.272318
0.594314 0.996078 0.262624
0.606039 0.996078 0.254812
0.617725 0.994078 0.248988
0.627490 0.992157 0.243106
0.637255 0.990196 0.237255
0.648980 0.988235 0.231404
0.658745 0.986314 0.225522
0.668471 0.984314 0.221616
0.680196 0.982431 0.217710
0.690039 0.978510 0.213804
0.699725 0.974588 0.211765
0.711451 0.970706 0.209910
0.721333 0.966784 0.207843
0.730941 0.962902 0.206020
0.740863 0.958980 0.203922
0.750471 0.955059 0.203922
0.760431 0.949373 0.203922
0.770000 0.943333 0.203922
0.779961 0.939412 0.203922
0.789490 0.933804 0.203922
0.799529 0.927686 0.203922
0.809020 0.922078 0.203922
0.819059 0.915961 0.205608
0.826863 0.910392 0.207843
0.836353 0.902588 0.207843
0.846431 0.896392 0.209482
0.854235 0.890863 0.211765
0.862039 0.883059 0.213373
0.869843 0.876824 0.215686
0.877647 0.871373 0.215686
0.885490 0.863529 0.217247
0.893294 0.855725 0.219608
0.901098 0.847922 0.221141
0.908902 0.840118 0.223529
0.916745 0.832275 0.223529
0.923059 0.824471 0.225016
0.928431 0.816667 0.227451
0.934784 0.808863 0.227451
0.940118 0.801059 0.227451
0.946510 0.793216 0.227451
0.951843 0.785412 0.227451
0.958275 0.777608 0.227451
0.962157 0.769804 0.227451
0.966078 0.761961 0.227451
0.969961 0.752824 0.226102
0.973882 0.742431 0.223529
0.977804 0.734627 0.223529
0.981686 0.726824 0.222227
0.984314 0.718980 0.218322
0.985569 0.709922 0.214416
0.988235 0.699451 0.211765
0.989490 0.690392 0.210525
0.992157 0.679922 0.206620
0.993373 0.670863 0.202710
0.996078 0.660353 0.198804
0.996078 0.651373 0.194898
0.996078 0.639647 0.190992
0.996078 0.627922 0.187086
0.996078 0.616196 0.182047
0.996078 0.605608 0.175353
0.996078 0.596706 0.171447
0.996078 0.584980 0.167541
0.996078 0.573255 0.163635
0.995020 0.561529 0.158671
0.992157 0.549804 0.151898
0.991137 0.538078 0.147992
0.988235 0.526392 0.143075
0.987255 0.514667 0.136259
0.984314 0.502941 0.132353
0.983333 0.491216 0.127482
0.979451 0.479490 0.120620
0.976471 0.467765 0.116714
0.975569 0.456078 0.112808
0.971647 0.444353 0.107996
0.967725 0.432627 0.101071
0.963843 0.420902 0.097165
0.959922 0.409176 0.093259
0.956039 0.397490 0.088510
0.952118 0.385753 0.081525
0.948196 0.374035 0.077620
0.944314 0.363114 0.073714
0.940392 0.354518 0.069808
0.935725 0.342800 0.065902
0.928667 0.331831 0.061996
0.924745 0.323286 0.058090
0.920863 0.312286 0.054180
0.916235 0.303769 0.050275
0.909098 0.292737 0.047059
0.904549 0.284925 0.046384
0.897373 0.277114 0.042478
0.892824 0.269302 0.039216
0.885647 0.261490 0.038588
0.881137 0.253675 0.034681
0.873333 0.245863 0.031373
0.866078 0.238051 0.030790
0.861608 0.230239 0.027451
0.853804 0.222427 0.026900
0.846000 0.214616 0.023529
0.838157 0.206804 0.023009
0.830353 0.198988 0.019608
0.822549 0.191176 0.019608
0.814745 0.183365 0.019133
0.806941 0.175553 0.015686
0.799098 0.168184 0.015686
0.791294 0.163847 0.015257
0.783059 0.156035 0.011765
0.771765 0.148620 0.011765
0.763922 0.144333 0.011382
0.755765 0.136518 0.007843
0.744392 0.129059 0.007843
0.736235 0.124816 0.007843
0.724863 0.117325 0.007843
0.716745 0.113114 0.007537
0.705294 0.105592 0.003922
0.697216 0.101408 0.003922
0.685490 0.093859 0.003922
0.673765 0.089953 0.003922
0.662275 0.085816 0.003922
0.654275 0.078216 0.003922
0.642549 0.074310 0.003922
0.630824 0.070220 0.003922
0.619098 0.062576 0.003922
0.607373 0.058671 0.003922
0.595647 0.054765 0.003922
0.583961 0.050733 0.003922
0.572118 0.043031 0.003922
0.556588 0.039124 0.004013
0.544863 0.035217 0.007843
0.533137 0.031311 0.007843
0.521373 0.027405 0.007843
0.505804 0.023499 0.007843
0.494039 0.019592 0.007859
