1.000000 0.000000 1.000000
0.980471 0.000000 1.000000
0.960941 0.000000 1.000000
0.941412 0.000000 1.000000
0.921882 0.000000 1.000000
0.902353 0.000000 1.000000
0.882824 0.000000 1.000000
0.863294 0.000000 1.000000
0.843765 0.000000 1.000000
0.824235 0.000000 1.000000
0.804706 0.000000 1.000000
0.785137 0.000000 1.000000
0.765608 0.000000 1.000000
0.746078 0.000000 1.000000
0.726549 0.000000 1.000000
0.707020 0.000000 1.000000
0.687490 0.000000 1.000000
0.667961 0.000000 1.000000
0.648431 0.000000 1.000000
0.628902 0.000000 1.000000
0.609373 0.000000 1.000000
0.589843 0.000000 1.000000
0.570314 0.000000 1.000000
0.550784 0.000000 1.000000
0.531255 0.000000 1.000000
0.511725 0.000000 1.000000
0.492196 0.000000 1.000000
0.472667 0.000000 1.000000
0.453137 0.000000 1.000000
0.433608 0.000000 1.000000
0.414078 0.000000 1.000000
0.394549 0.000000 1.000000
0.375000 0.000000 1.000000
0.355471 0.000000 1.000000
0.335937 0.000000 1.000000
0.316408 0.000000 1.000000
0.296875 0.000000 1.000000
0.277345 0.000000 1.000000
0.257812 0.000000 1.000000
0.238282 0.000000 1.000000
0.218749 0.000000 1.000000
0.199220 0.000000 1.000000
0.179686 0.000000 1.000000
0.160157 0.000000 1.000000
0.140624 0.000000 1.000000
0.121094 0.000000 1.000000
0.101561 0.000000 1.000000
0.082031 0.000000 1.000000
0.062502 0.000000 1.000000
0.042969 0.000000 1.000000
0.023438 0.000000 1.000000
0.003906 0.000000 1.000000
0.000000 0.015625 1.000000
0.000000 0.035156 1.000000
0.000000 0.054686 1.000000
0.000000 0.074220 1.000000
0.000000 0.093749 1.000000
0.000000 0.113282 1.000000
0.000000 0.132812 1.000000
0.000000 0.152345 1.000000
0.000000 0.171875 1.000000
0.000000 0.191408 1.000000
0.000000 0.210937 1.000000
0.000000 0.230471 1.000000
0.000000 0.250000 1.000000
0.000000 0.269529 1.000000
0.000000 0.289063 1.000000
0.000000 0.308592 1.000000
0.000000 0.328125 1.000000
0.000000 0.347655 1.000000
0.000000 0.367188 1.000000
0.000000 0.386718 1.000000
0.000000 0.406235 1.000000
0.000000 0.425765 1.000000
0.000000 0.445294 1.000000
0.000000 0.464863 1.000000
0.000000 0.484392 1.000000
0.000000 0.503922 1.000000
0.000000 0.523451 1.000000
0.000000 0.542980 1.000000
0.000000 0.562510 1.000000
0.000000 0.582039 1.000000
0.000000 0.601569 1.000000
0.000000 0.621098 1.000000
0.000000 0.640627 1.000000
0.000000 0.660157 1.000000
0.000000 0.679686 1.000000
0.000000 0.699216 1.000000
0.000000 0.718745 1.000000
0.000000 0.738275 1.000000
0.000000 0.757804 1.000000
0.000000 0.777333 1.000000
0.000000 0.796863 1.000000
0.000000 0.816392 1.000000
0.000000 0.835922 1.000000
0.000000 0.855451 1.000000
0.000000 0.874980 1.000000
0.000000 0.894549 1.000000
0.000000 0.914078 1.000000
0.000000 0.933608 1.000000
0.000000 0.953137 1.000000
0.000000 0.972667 1.000000
0.000000 0.992196 1.000000
0.000000 1.000000 0.988275
0.000000 1.000000 0.968745
0.000000 1.000000 0.949216
0.000000 1.000000 0.929686
0.000000 1.000000 0.910157
0.000000 1.000000 0.890627
0.000000 1.000000 0.871098
0.000000 1.000000 0.851569
0.000000 1.000000 0.832039
0.000000 1.000000 0.812510
0.000000 1.000000 0.792980
0.000000 1.000000 0.773451
0.000000 1.000000 0.753922
0.000000 1.000000 0.734392
0.000000 1.000000 0.714863
0.000000 1.000000 0.695294
0.000000 1.000000 0.675765
0.000000 1.000000 0.656235
0.000000 1.000000 0.636706
0.000000 1.000000 0.617176
0.000000 1.000000 0.597647
0.000000 1.000000 0.578118
0.000000 1.000000 0.558588
0.000000 1.000000 0.539059
0.000000 1.000000 0.519529
0.000000 1.000000 0.500000
0.000000 1.000000 0.480471
0.000000 1.000000 0.460941
0.000000 1.000000 0.441412
0.000000 1.000000 0.421882
0.000000 1.000000 0.402353
0.000000 1.000000 0.382812
0.000000 1.000000 0.363282
0.000000 1.000000 0.343749
0.000000 1.000000 0.324220
0.000000 1.000000 0.304686
0.000000 1.000000 0.285157
0.000000 1.000000 0.265624
0.000000 1.000000 0.246094
0.000000 1.000000 0.226561
0.000000 1.000000 0.207031
0.000000 1.000000 0.187498
0.000000 1.000000 0.167969
0.000000 1.000000 0.148439
0.000000 1.000000 0.128906
0.000000 1.000000 0.109376
0.000000 1.000000 0.089843
0.000000 1.000000 0.070314
0.000000 1.000000 0.050780
0.000000 1.000000 0.031250
0.000000 1.000000 0.011719
0.007813 1.000000 0.000000
0.027344 1.000000 0.000000
0.046875 1.000000 0.000000
0.066408 1.000000 0.000000
0.085937 1.000000 0.000000
0.105471 1.000000 0.000000
0.125000 1.000000 0.000000
0.144529 1.000000 0.000000
0.164063 1.000000 0.000000
0.183592 1.000000 0.000000
0.203125 1.000000 0.000000
0.222655 1.000000 0.000000
0.242188 1.000000 0.000000
0.261718 1.000000 0.000000
0.281251 1.000000 0.000000
0.300780 1.000000 0.000000
0.320314 1.000000 0.000000
0.339843 1.000000 0.000000
0.359376 1.000000 0.000000
0.378906 1.000000 0.000000
0.398431 1.000000 0.000000
0.417961 1.000000 0.000000
0.437490 1.000000 0.000000
0.457020 1.000000 0.000000
0.476549 1.000000 0.000000
0.496078 1.000000 0.000000
0.515608 1.000000 0.000000
0.535137 1.000000 0.000000
0.554706 1.000000 0.000000
0.574235 1.000000 0.000000
0.593765 1.000000 0.000000
0.613294 1.000000 0.000000
0.632824 1.000000 0.000000
0.652353 1.000000 0.000000
0.671882 1.000000 0.000000
0.691412 1.000000 0.000000
0.710941 1.000000 0.000000
0.730471 1.000000 0.000000
0.750000 1.000000 0.000000
0.769529 1.000000 0.000000
0.789059 1.000000 0.000000
0.808588 1.000000 0.000000
0.828118 1.000000 0.000000
0.847647 1.000000 0.000000
0.867176 1.000000 0.000000
0.886706 1.000000 0.000000
0.906235 1.000000 0.000000
0.925765 1.000000 0.000000
0.945294 1.000000 0.000000
0.964863 1.000000 0.000000
0.984392 1.000000 0.000000
1.000000 0.996078 0.000000
1.000000 0.976549 0.000000
1.000000 0.957020 0.000000
1.000000 0.937490 0.000000
1.000000 0.917961 0.000000
1.000000 0.898431 0.000000
1.000000 0.878902 0.000000
1.000000 0.859373 0.000000
1.000000 0.839843 0.000000
1.000000 0.820314 0.000000
1.000000 0.800784 0.000000
1.000000 0.781255 0.000000
1.000000 0.761725 0.000000
1.000000 0.742196 0.000000
1.000000 0.722667 0.000000
1.000000 0.703137 0.000000
1.000000 0.683608 0.000000
1.000000 0.664078 0.000000
1.000000 0.644549 0.000000
1.000000 0.625020 0.000000
1.000000 0.605451 0.000000
1.000000 0.585922 0.000000
1.000000 0.566392 0.000000
1.000000 0.546863 0.000000
1.000000 0.527333 0.000000
1.000000 0.507804 0.000000
1.000000 0.488275 0.000000
1.000000 0.468745 0.000000
1.000000 0.449216 0.000000
1.000000 0.429686 0.000000
1.000000 0.410157 0.000000
1.000000 0.390624 0.000000
1.000000 0.371094 0.000000
1.000000 0.351561 0.000000
1.000000 0.332031 0.000000
1.000000 0.312502 0.000000
1.000000 0.292969 0.000000
1.000000 0.273439 0.000000
1.000000 0.253906 0.000000
1.000000 0.234376 0.000000
1.000000 0.214843 0.000000
1.000000 0.195314 0.000000
1.000000 0.175780 0.000000
1.000000 0.156251 0.000000
1.000000 0.136718 0.000000
1.000000 0.117188 0.000000
1.000000 0.097655 0.000000
1.000000 0.078125 0.000000
1.000000 0.058592 0.000000
1.000000 0.039062 0.000000
1.000000 0.019531 0.000000
