0.200000 0.400000 0.000000
0.200000 0.544980 0.144992
0.200000 0.690000 0.289980
0.242671 0.807529 0.413804
0.419569 0.838745 0.471020
0.596471 0.869961 0.528275
0.740000 0.893333 0.576392
0.769490 0.889882 0.593294
0.798980 0.886392 0.610196
0.828471 0.882941 0.627098
0.857961 0.879451 0.644000
0.887412 0.876000 0.660941
0.916902 0.872510 0.677843
0.946392 0.869059 0.694745
0.975882 0.865569 0.711647
0.999451 0.861882 0.723216
0.996314 0.857216 0.710745
0.993176 0.852510 0.698235
0.990078 0.847843 0.685765
0.986941 0.843176 0.673255
0.983804 0.838471 0.660784
0.980706 0.833804 0.648275
0.977569 0.829098 0.635804
0.974471 0.824431 0.623333
0.971333 0.819765 0.610824
0.968196 0.815059 0.598353
0.965098 0.810392 0.585843
0.961961 0.805686 0.573373
0.958863 0.801020 0.560863
0.955725 0.796314 0.548392
0.952588 0.791647 0.535882
0.949176 0.786980 0.523137
0.945804 0.782275 0.510392
0.942431 0.777608 0.497647
0.939059 0.772902 0.484902
0.935647 0.768235 0.472118
0.932275 0.763569 0.459373
0.928902 0.758863 0.446627
0.925529 0.754196 0.433882
0.922118 0.749490 0.421137
0.918745 0.744824 0.408392
0.915373 0.740157 0.395647
0.912000 0.735451 0.382902
0.908627 0.730784 0.370157
0.905216 0.726078 0.357408
0.901843 0.721412 0.344659
0.898471 0.716706 0.331914
0.895098 0.712039 0.319165
0.891686 0.707373 0.306416
0.888314 0.702667 0.293671
0.884941 0.698000 0.280922
0.881569 0.693294 0.268173
0.878157 0.688627 0.255427
0.874784 0.683961 0.242678
0.871412 0.679255 0.229933
0.868039 0.674588 0.217184
0.864627 0.669882 0.204435
0.861255 0.665216 0.191690
0.857882 0.660549 0.178941
0.854510 0.655843 0.166192
0.851098 0.651176 0.153447
0.838745 0.648000 0.150941
0.826000 0.644863 0.148863
0.813255 0.641725 0.146780
0.800510 0.638627 0.144698
0.787765 0.635490 0.142616
0.774980 0.632392 0.140537
0.762235 0.629255 0.138455
0.749490 0.626118 0.136373
0.736745 0.623020 0.134294
0.724000 0.619882 0.132212
0.711255 0.616745 0.130129
0.698510 0.613647 0.128047
0.685765 0.610510 0.125969
0.673020 0.607412 0.123886
0.660275 0.604275 0.121804
0.657882 0.601608 0.120184
0.656863 0.599020 0.118624
0.655804 0.596431 0.117063
0.654784 0.593804 0.115502
0.653725 0.591216 0.113941
0.652706 0.588588 0.112380
0.651647 0.586000 0.110820
0.650627 0.583412 0.109259
0.649569 0.580784 0.107698
0.648549 0.578196 0.106137
0.647490 0.575608 0.104576
0.646471 0.572980 0.103016
0.645412 0.570392 0.101455
0.644392 0.567804 0.099894
0.643333 0.565176 0.098333
0.642706 0.562588 0.096773
0.642196 0.560000 0.095208
0.641686 0.557373 0.093647
0.641137 0.554784 0.092086
0.640627 0.552196 0.090525
0.640118 0.549569 0.088965
0.639608 0.546980 0.087404
0.639059 0.544392 0.085843
0.638549 0.541765 0.084282
0.638039 0.539176 0.082722
0.637529 0.536588 0.081161
0.636980 0.533961 0.079600
0.636471 0.531373 0.078039
0.635961 0.528784 0.076478
0.635412 0.526157 0.074918
0.634706 0.523373 0.073357
0.633922 0.520510 0.071796
0.633137 0.517647 0.070235
0.632392 0.514784 0.068675
0.631608 0.511922 0.067114
0.630824 0.509059 0.065553
0.630039 0.506196 0.063992
0.629255 0.503333 0.062431
0.628471 0.500471 0.060871
0.627686 0.497608 0.059310
0.626902 0.494745 0.057749
0.626118 0.491882 0.056184
0.625333 0.489020 0.054624
0.624588 0.486157 0.053063
0.623804 0.483294 0.051502
0.623020 0.480627 0.049941
0.622235 0.478039 0.048380
0.621451 0.475412 0.046820
0.620667 0.472824 0.045259
0.619882 0.470235 0.043698
0.619098 0.467608 0.042137
0.618314 0.465020 0.040576
0.617529 0.462431 0.039016
0.616784 0.459804 0.037455
0.616000 0.457216 0.035894
0.615216 0.454588 0.034333
0.614431 0.452000 0.032772
0.613647 0.449412 0.031211
0.612863 0.446784 0.029650
0.612078 0.444196 0.028089
0.611294 0.441451 0.026375
0.610510 0.438588 0.024554
0.609725 0.435725 0.022733
0.608980 0.432863 0.020911
0.608196 0.430000 0.019090
0.607412 0.427137 0.017269
0.606627 0.424275 0.015448
0.605843 0.421412 0.013627
0.605059 0.418549 0.011806
0.604275 0.415686 0.009985
0.603490 0.412824 0.008164
0.602706 0.409961 0.006343
0.601922 0.407098 0.004522
0.601176 0.404235 0.002700
0.600392 0.401373 0.000879
0.601216 0.398235 0.011975
0.603569 0.394863 0.035128
0.605882 0.391486 0.058282
0.608235 0.388106 0.081435
0.610588 0.384722 0.104588
0.612902 0.381341 0.127745
0.615255 0.377957 0.150898
0.617608 0.374576 0.174051
0.619961 0.371196 0.197204
0.622275 0.367812 0.220361
0.624627 0.364431 0.243514
0.626980 0.361047 0.266667
0.629294 0.357667 0.289820
0.631647 0.354286 0.312976
0.634000 0.350902 0.336129
0.637137 0.352365 0.352365
0.641294 0.359910 0.359910
0.645451 0.367455 0.367455
0.649608 0.374996 0.374996
0.653804 0.382541 0.382541
0.657961 0.390086 0.390086
0.662118 0.397647 0.397647
0.666275 0.405176 0.405176
0.670431 0.412706 0.412706
0.674588 0.420275 0.420275
0.678745 0.427804 0.427804
0.682941 0.435373 0.435373
0.687098 0.442902 0.442902
0.691255 0.450431 0.450431
0.695412 0.458000 0.458000
0.698510 0.465529 0.465529
0.699804 0.473059 0.473059
0.701137 0.480627 0.480627
0.702431 0.488157 0.488157
0.703725 0.495725 0.495725
0.705020 0.503255 0.503255
0.706314 0.510784 0.510784
0.707608 0.518353 0.518353
0.708941 0.525882 0.525882
0.710235 0.533451 0.533451
0.711529 0.540980 0.540980
0.712824 0.548510 0.548510
0.714118 0.556078 0.556078
0.715412 0.563608 0.563608
0.716745 0.571137 0.571137
0.718510 0.578706 0.578706
0.721373 0.586235 0.586235
0.724235 0.593804 0.593804
0.727059 0.601333 0.601333
0.729922 0.608863 0.608863
0.732784 0.616431 0.616431
0.735647 0.623961 0.623961
0.738510 0.631529 0.631529
0.741373 0.639059 0.639059
0.744235 0.646588 0.646588
0.747098 0.654157 0.654157
0.749961 0.661686 0.661686
0.752824 0.669216 0.669216
0.755686 0.676784 0.676784
0.758549 0.684314 0.684314
0.761412 0.691804 0.691765
0.764275 0.699098 0.698784
0.767137 0.706392 0.705804
0.770000 0.713647 0.712824
0.772863 0.720941 0.719843
0.775725 0.728235 0.726863
0.778588 0.735529 0.733882
0.781451 0.742784 0.740941
0.784314 0.750078 0.747961
0.787176 0.757373 0.754980
0.790039 0.764667 0.762000
0.792902 0.771922 0.769020
0.795765 0.779216 0.776039
0.798627 0.786510 0.783059
0.801490 0.793804 0.790078
0.804902 0.800980 0.797059
0.811373 0.807451 0.803529
0.817882 0.813961 0.810039
0.824392 0.820471 0.816549
0.830902 0.826980 0.823059
0.837412 0.833490 0.829569
0.843922 0.840000 0.836078
0.850392 0.846471 0.842549
0.856902 0.852980 0.849059
0.863412 0.859490 0.855569
0.869922 0.866000 0.862078
0.876431 0.872510 0.868588
0.882941 0.879020 0.875098
0.889451 0.885529 0.881608
0.895922 0.892000 0.888078
0.902431 0.898510 0.894588
0.908941 0.905020 0.901098
0.915451 0.911529 0.907608
0.921961 0.918039 0.914118
0.928471 0.924549 0.920627
0.934980 0.931059 0.927137
0.941451 0.937529 0.933608
0.947961 0.944039 0.940118
0.954471 0.950549 0.946627
0.960980 0.957059 0.953137
0.967490 0.963569 0.959647
0.974000 0.970078 0.966157
0.980471 0.976549 0.972627
0.986980 0.983059 0.979137
0.993490 0.989569 0.985647
