0.000000 0.000000 0.000000
0.010416 0.000000 0.000000
0.020833 0.000000 0.000000
0.031250 0.000000 0.000000
0.041667 0.000000 0.000000
0.052082 0.000000 0.000000
0.062502 0.000000 0.000000
0.072918 0.000000 0.000000
0.083333 0.000000 0.000000
0.093749 0.000000 0.000000
0.104165 0.000000 0.000000
0.114584 0.000000 0.000000
0.125000 0.000000 0.000000
0.135416 0.000000 0.000000
0.145831 0.000000 0.000000
0.156251 0.000000 0.000000
0.166667 0.000000 0.000000
0.177082 0.000000 0.000000
0.187498 0.000000 0.000000
0.197918 0.000000 0.000000
0.208333 0.000000 0.000000
0.218749 0.000000 0.000000
0.229169 0.000000 0.000000
0.239584 0.000000 0.000000
0.250000 0.000000 0.000000
0.260416 0.000000 0.000000
0.270831 0.000000 0.000000
0.281251 0.000000 0.000000
0.291667 0.000000 0.000000
0.302082 0.000000 0.000000
0.312502 0.000000 0.000000
0.322918 0.000000 0.000000
0.333333 0.000000 0.000000
0.343749 0.000000 0.000000
0.354165 0.000000 0.000000
0.364584 0.000000 0.000000
0.375000 0.000000 0.000000
0.385416 0.000000 0.000000
0.395843 0.000000 0.000000
0.406235 0.000000 0.000000
0.416667 0.000000 0.000000
0.427098 0.000000 0.000000
0.437490 0.000000 0.000000
0.447922 0.000000 0.000000
0.458353 0.000000 0.000000
0.468745 0.000000 0.000000
0.479176 0.000000 0.000000
0.489569 0.000000 0.000000
0.500000 0.000000 0.000000
0.510431 0.000000 0.000000
0.520824 0.000000 0.000000
0.531255 0.000000 0.000000
0.541647 0.000000 0.000000
0.552078 0.000000 0.000000
0.562510 0.000000 0.000000
0.572902 0.000000 0.000000
0.583333 0.000000 0.000000
0.593765 0.000000 0.000000
0.604157 0.000000 0.000000
0.614588 0.000000 0.000000
0.625020 0.000000 0.000000
0.635412 0.000000 0.000000
0.645843 0.000000 0.000000
0.656235 0.000000 0.000000
0.666667 0.000000 0.000000
0.677098 0.000000 0.000000
0.687490 0.000000 0.000000
0.697922 0.000000 0.000000
0.708314 0.000000 0.000000
0.718745 0.000000 0.000000
0.729176 0.000000 0.000000
0.739569 0.000000 0.000000
0.750000 0.000000 0.000000
0.760431 0.000000 0.000000
0.770824 0.000000 0.000000
0.781255 0.000000 0.000000
0.791686 0.000000 0.000000
0.802078 0.000000 0.000000
0.812510 0.000000 0.000000
0.822902 0.000000 0.000000
0.833333 0.000000 0.000000
0.843765 0.000000 0.000000
0.854157 0.000000 0.000000
0.864588 0.000000 0.000000
0.874980 0.000000 0.000000
0.885412 0.000000 0.000000
0.895843 0.000000 0.000000
0.906235 0.000000 0.000000
0.916667 0.000000 0.000000
0.927098 0.000000 0.000000
0.937490 0.000000 0.000000
0.947922 0.000000 0.000000
0.958314 0.000000 0.000000
0.968745 0.000000 0.000000
0.979176 0.000000 0.000000
0.989569 0.000000 0.000000
1.000000 0.000000 0.000000
1.000000 0.010416 0.000000
1.000000 0.020833 0.000000
1.000000 0.031250 0.000000
1.000000 0.041667 0.000000
1.000000 0.052082 0.000000
1.000000 0.062502 0.000000
1.000000 0.072918 0.000000
1.000000 0.083333 0.000000
1.000000 0.093749 0.000000
1.000000 0.104165 0.000000
1.000000 0.114584 0.000000
1.000000 0.125000 0.000000
1.000000 0.135416 0.000000
1.000000 0.145831 0.000000
1.000000 0.156251 0.000000
1.000000 0.166667 0.000000
1.000000 0.177082 0.000000
1.000000 0.187498 0.000000
1.000000 0.197918 0.000000
1.000000 0.208333 0.000000
1.000000 0.218749 0.000000
1.000000 0.229169 0.000000
1.000000 0.239584 0.000000
1.000000 0.250000 0.000000
1.000000 0.260416 0.000000
1.000000 0.270831 0.000000
1.000000 0.281251 0.000000
1.000000 0.291667 0.000000
1.000000 0.302082 0.000000
1.000000 0.312502 0.000000
1.000000 0.322918 0.000000
1.000000 0.333333 0.000000
1.000000 0.343749 0.000000
1.000000 0.354165 0.000000
1.000000 0.364584 0.000000
1.000000 0.375000 0.000000
1.000000 0.385416 0.000000
1.000000 0.395843 0.000000
1.000000 0.406235 0.000000
1.000000 0.416667 0.000000
1.000000 0.427098 0.000000
1.000000 0.437490 0.000000
1.000000 0.447922 0.000000
1.000000 0.458353 0.000000
1.000000 0.468745 0.000000
1.000000 0.479176 0.000000
1.000000 0.489569 0.000000
1.000000 0.500000 0.000000
1.000000 0.510431 0.000000
1.000000 0.520824 0.000000
1.000000 0.531255 0.000000
1.000000 0.541647 0.000000
1.000000 0.552078 0.000000
1.000000 0.562510 0.000000
1.000000 0.572902 0.000000
1.000000 0.583333 0.000000
1.000000 0.593765 0.000000
1.000000 0.604157 0.000000
1.000000 0.614588 0.000000
1.000000 0.625020 0.000000
1.000000 0.635412 0.000000
1.000000 0.645843 0.000000
1.000000 0.656235 0.000000
1.000000 0.666667 0.000000
1.000000 0.677098 0.000000
1.000000 0.687490 0.000000
1.000000 0.697922 0.000000
1.000000 0.708314 0.000000
1.000000 0.718745 0.000000
1.000000 0.729176 0.000000
1.000000 0.739569 0.000000
1.000000 0.750000 0.000000
1.000000 0.760431 0.000000
1.000000 0.770824 0.000000
1.000000 0.781255 0.000000
1.000000 0.791686 0.000000
1.000000 0.802078 0.000000
1.000000 0.812510 0.000000
1.000000 0.822902 0.000000
1.000000 0.833333 0.000000
1.000000 0.843765 0.000000
1.000000 0.854157 0.000000
1.000000 0.864588 0.000000
1.000000 0.874980 0.000000
1.000000 0.885412 0.000000
1.000000 0.895843 0.000000
1.000000 0.906235 0.000000
1.000000 0.916667 0.000000
1.000000 0.927098 0.000000
1.000000 0.937490 0.000000
1.000000 0.947922 0.000000
1.000000 0.958314 0.000000
1.000000 0.968745 0.000000
1.000000 0.979176 0.000000
1.000000 0.989569 0.000000
1.000000 1.000000 0.000000
1.000000 1.000000 0.015625
1.000000 1.000000 0.031250
1.000000 1.000000 0.046875
1.000000 1.000000 0.062502
1.000000 1.000000 0.078125
1.000000 1.000000 0.093749
1.000000 1.000000 0.109376
1.000000 1.000000 0.125000
1.000000 1.000000 0.140624
1.000000 1.000000 0.156251
1.000000 1.000000 0.171875
1.000000 1.000000 0.187498
1.000000 1.000000 0.203125
1.000000 1.000000 0.218749
1.000000 1.000000 0.234376
1.000000 1.000000 0.250000
1.000000 1.000000 0.265624
1.000000 1.000000 0.281251
1.000000 1.000000 0.296875
1.000000 1.000000 0.312502
1.000000 1.000000 0.328125
1.000000 1.000000 0.343749
1.000000 1.000000 0.359376
1.000000 1.000000 0.375000
1.000000 1.000000 0.390624
1.000000 1.000000 0.406235
1.000000 1.000000 0.421882
1.000000 1.000000 0.437490
1.000000 1.000000 0.453137
1.000000 1.000000 0.468745
1.000000 1.000000 0.484392
1.000000 1.000000 0.500000
1.000000 1.000000 0.515608
1.000000 1.000000 0.531255
1.000000 1.000000 0.546863
1.000000 1.000000 0.562510
1.000000 1.000000 0.578118
1.000000 1.000000 0.593765
1.000000 1.000000 0.609373
1.000000 1.000000 0.625020
1.000000 1.000000 0.640627
1.000000 1.000000 0.656235
1.000000 1.000000 0.671882
1.000000 1.000000 0.687490
1.000000 1.000000 0.703137
1.000000 1.000000 0.718745
1.000000 1.000000 0.734392
1.000000 1.000000 0.750000
1.000000 1.000000 0.765608
1.000000 1.000000 0.781255
1.000000 1.000000 0.796863
1.000000 1.000000 0.812510
1.000000 1.000000 0.828118
1.000000 1.000000 0.843765
1.000000 1.000000 0.859373
1.000000 1.000000 0.874980
1.000000 1.000000 0.890627
1.000000 1.000000 0.906235
1.000000 1.000000 0.921882
1.000000 1.000000 0.937490
1.000000 1.000000 0.953137
1.000000 1.000000 0.968745
1.000000 1.000000 0.984392
